input,prompt,response
accordion|acorn|airplane,Answer using only one word - acorn or airplane and not accordion. Which is more similar in semantic meaning to accordion?,acorn
accordion|acorn|apple,Answer using only one word - acorn or apple and not accordion. Which is more similar in semantic meaning to accordion?,acorn
accordion|acorn|barrel,Answer using only one word - acorn or barrel and not accordion. Which is more similar in semantic meaning to accordion?,barrel
accordion|acorn|beetle,Answer using only one word - acorn or beetle and not accordion. Which is more similar in semantic meaning to accordion?,beetle
accordion|acorn|blowtorch,Answer using only one word - acorn or blowtorch and not accordion. Which is more similar in semantic meaning to accordion?,acorn
accordion|acorn|brussels sprouts,Answer using only one word - acorn or brussels sprouts and not accordion. Which is more similar in semantic meaning to accordion?,acorn
accordion|acorn|candy,Answer using only one word - acorn or candy and not accordion. Which is more similar in semantic meaning to accordion?,acorn
accordion|acorn|cat,Answer using only one word - acorn or cat and not accordion. Which is more similar in semantic meaning to accordion?,acorn
accordion|acorn|chisel,Answer using only one word - acorn or chisel and not accordion. Which is more similar in semantic meaning to accordion?,acorn
accordion|acorn|crowbar,Answer using only one word - acorn or crowbar and not accordion. Which is more similar in semantic meaning to accordion?,Acorn
accordion|acorn|fig,Answer using only one word - acorn or fig and not accordion. Which is more similar in semantic meaning to accordion?,fig
accordion|acorn|jeans,Answer using only one word - acorn or jeans and not accordion. Which is more similar in semantic meaning to accordion?,acorn
accordion|airplane|anteater,Answer using only one word - airplane or anteater and not accordion. Which is more similar in semantic meaning to accordion?,anteater
accordion|airplane|banana,Answer using only one word - airplane or banana and not accordion. Which is more similar in semantic meaning to accordion?,banana
accordion|airplane|bed,Answer using only one word - airplane or bed and not accordion. Which is more similar in semantic meaning to accordion?,bed
accordion|airplane|bird,Answer using only one word - airplane or bird and not accordion. Which is more similar in semantic meaning to accordion?,Neither
accordion|airplane|boar,Answer using only one word - airplane or boar and not accordion. Which is more similar in semantic meaning to accordion?,Neither
accordion|airplane|cactus,Answer using only one word - airplane or cactus and not accordion. Which is more similar in semantic meaning to accordion?,cactus
accordion|airplane|carrot,Answer using only one word - airplane or carrot and not accordion. Which is more similar in semantic meaning to accordion?,carrot
accordion|airplane|chili,Answer using only one word - airplane or chili and not accordion. Which is more similar in semantic meaning to accordion?,chili
accordion|airplane|coconut,Answer using only one word - airplane or coconut and not accordion. Which is more similar in semantic meaning to accordion?,Coconut
accordion|airplane|eagle,Answer using only one word - airplane or eagle and not accordion. Which is more similar in semantic meaning to accordion?,Neither
accordion|airplane|fly,Answer using only one word - airplane or fly and not accordion. Which is more similar in semantic meaning to accordion?,fly
accordion|aloe|ant,Answer using only one word - aloe or ant and not accordion. Which is more similar in semantic meaning to accordion?,Aloe
accordion|aloe|bagel,Answer using only one word - aloe or bagel and not accordion. Which is more similar in semantic meaning to accordion?,bagel
accordion|aloe|beaver,Answer using only one word - aloe or beaver and not accordion. Which is more similar in semantic meaning to accordion?,beaver
accordion|aloe|belt,Answer using only one word - aloe or belt and not accordion. Which is more similar in semantic meaning to accordion?,belt
accordion|aloe|boa,Answer using only one word - aloe or boa and not accordion. Which is more similar in semantic meaning to accordion?,boa
accordion|aloe|burrito,Answer using only one word - aloe or burrito and not accordion. Which is more similar in semantic meaning to accordion?,burrito
accordion|aloe|car,Answer using only one word - aloe or car and not accordion. Which is more similar in semantic meaning to accordion?,car
accordion|aloe|celery,Answer using only one word - aloe or celery and not accordion. Which is more similar in semantic meaning to accordion?,celery
accordion|aloe|coat,Answer using only one word - aloe or coat and not accordion. Which is more similar in semantic meaning to accordion?,coat
accordion|aloe|dress,Answer using only one word - aloe or dress and not accordion. Which is more similar in semantic meaning to accordion?,dress
accordion|aloe|flute,Answer using only one word - aloe or flute and not accordion. Which is more similar in semantic meaning to accordion?,flute
accordion|aloe|motorcycle,Answer using only one word - aloe or motorcycle and not accordion. Which is more similar in semantic meaning to accordion?,Aloe
accordion|ant|bagel,Answer using only one word - ant or bagel and not accordion. Which is more similar in semantic meaning to accordion?,bagel
accordion|ant|beaver,Answer using only one word - ant or beaver and not accordion. Which is more similar in semantic meaning to accordion?,beaver
accordion|ant|belt,Answer using only one word - ant or belt and not accordion. Which is more similar in semantic meaning to accordion?,belt
accordion|ant|boa,Answer using only one word - ant or boa and not accordion. Which is more similar in semantic meaning to accordion?,boa
accordion|ant|burrito,Answer using only one word - ant or burrito and not accordion. Which is more similar in semantic meaning to accordion?,burrito
accordion|ant|car,Answer using only one word - ant or car and not accordion. Which is more similar in semantic meaning to accordion?,ant
accordion|ant|celery,Answer using only one word - ant or celery and not accordion. Which is more similar in semantic meaning to accordion?,celery
accordion|ant|coat,Answer using only one word - ant or coat and not accordion. Which is more similar in semantic meaning to accordion?,coat
accordion|ant|dress,Answer using only one word - ant or dress and not accordion. Which is more similar in semantic meaning to accordion?,dress
accordion|ant|flute,Answer using only one word - ant or flute and not accordion. Which is more similar in semantic meaning to accordion?,flute
accordion|ant|motorcycle,Answer using only one word - ant or motorcycle and not accordion. Which is more similar in semantic meaning to accordion?,ant
accordion|anteater|banana,Answer using only one word - anteater or banana and not accordion. Which is more similar in semantic meaning to accordion?,banana
accordion|anteater|bed,Answer using only one word - anteater or bed and not accordion. Which is more similar in semantic meaning to accordion?,bed
accordion|anteater|bird,Answer using only one word - anteater or bird and not accordion. Which is more similar in semantic meaning to accordion?,bird
accordion|anteater|boar,Answer using only one word - anteater or boar and not accordion. Which is more similar in semantic meaning to accordion?,Boar
accordion|anteater|cactus,Answer using only one word - anteater or cactus and not accordion. Which is more similar in semantic meaning to accordion?,Cactus
accordion|anteater|carrot,Answer using only one word - anteater or carrot and not accordion. Which is more similar in semantic meaning to accordion?,Neither
accordion|anteater|chili,Answer using only one word - anteater or chili and not accordion. Which is more similar in semantic meaning to accordion?,Chili
accordion|anteater|coconut,Answer using only one word - anteater or coconut and not accordion. Which is more similar in semantic meaning to accordion?,Coconut
accordion|anteater|eagle,Answer using only one word - anteater or eagle and not accordion. Which is more similar in semantic meaning to accordion?,Neither
accordion|anteater|fly,Answer using only one word - anteater or fly and not accordion. Which is more similar in semantic meaning to accordion?,fly
accordion|anvil|apple,Answer using only one word - anvil or apple and not accordion. Which is more similar in semantic meaning to accordion?,anvil
accordion|anvil|barrel,Answer using only one word - anvil or barrel and not accordion. Which is more similar in semantic meaning to accordion?,barrel
accordion|anvil|beetle,Answer using only one word - anvil or beetle and not accordion. Which is more similar in semantic meaning to accordion?,beetle
accordion|anvil|blowtorch,Answer using only one word - anvil or blowtorch and not accordion. Which is more similar in semantic meaning to accordion?,Anvil
accordion|anvil|brussels sprouts,Answer using only one word - anvil or brussels sprouts and not accordion. Which is more similar in semantic meaning to accordion?,brussels sprouts
accordion|anvil|candy,Answer using only one word - anvil or candy and not accordion. Which is more similar in semantic meaning to accordion?,anvil
accordion|anvil|cat,Answer using only one word - anvil or cat and not accordion. Which is more similar in semantic meaning to accordion?,anvil
accordion|anvil|chisel,Answer using only one word - anvil or chisel and not accordion. Which is more similar in semantic meaning to accordion?,chisel
accordion|anvil|crowbar,Answer using only one word - anvil or crowbar and not accordion. Which is more similar in semantic meaning to accordion?,Anvil
accordion|anvil|fig,Answer using only one word - anvil or fig and not accordion. Which is more similar in semantic meaning to accordion?,anvil
accordion|anvil|jeans,Answer using only one word - anvil or jeans and not accordion. Which is more similar in semantic meaning to accordion?,anvil
accordion|apple|banana,Answer using only one word - apple or banana and not accordion. Which is more similar in semantic meaning to accordion?,banana
accordion|apple|bed,Answer using only one word - apple or bed and not accordion. Which is more similar in semantic meaning to accordion?,apple
accordion|apple|bird,Answer using only one word - apple or bird and not accordion. Which is more similar in semantic meaning to accordion?,bird
accordion|apple|boar,Answer using only one word - apple or boar and not accordion. Which is more similar in semantic meaning to accordion?,boar
accordion|apple|cactus,Answer using only one word - apple or cactus and not accordion. Which is more similar in semantic meaning to accordion?,cactus
accordion|apple|carrot,Answer using only one word - apple or carrot and not accordion. Which is more similar in semantic meaning to accordion?,carrot
accordion|apple|chili,Answer using only one word - apple or chili and not accordion. Which is more similar in semantic meaning to accordion?,chili
accordion|apple|coconut,Answer using only one word - apple or coconut and not accordion. Which is more similar in semantic meaning to accordion?,coconut
accordion|apple|eagle,Answer using only one word - apple or eagle and not accordion. Which is more similar in semantic meaning to accordion?,apple
accordion|apple|fly,Answer using only one word - apple or fly and not accordion. Which is more similar in semantic meaning to accordion?,apple
accordion|artichoke|bagel,Answer using only one word - artichoke or bagel and not accordion. Which is more similar in semantic meaning to accordion?,artichoke
accordion|artichoke|beaver,Answer using only one word - artichoke or beaver and not accordion. Which is more similar in semantic meaning to accordion?,beaver
accordion|artichoke|belt,Answer using only one word - artichoke or belt and not accordion. Which is more similar in semantic meaning to accordion?,belt
accordion|artichoke|boa,Answer using only one word - artichoke or boa and not accordion. Which is more similar in semantic meaning to accordion?,boa
accordion|artichoke|burrito,Answer using only one word - artichoke or burrito and not accordion. Which is more similar in semantic meaning to accordion?,artichoke
accordion|artichoke|car,Answer using only one word - artichoke or car and not accordion. Which is more similar in semantic meaning to accordion?,artichoke
accordion|artichoke|celery,Answer using only one word - artichoke or celery and not accordion. Which is more similar in semantic meaning to accordion?,celery
accordion|artichoke|coat,Answer using only one word - artichoke or coat and not accordion. Which is more similar in semantic meaning to accordion?,artichoke
accordion|artichoke|dress,Answer using only one word - artichoke or dress and not accordion. Which is more similar in semantic meaning to accordion?,dress
accordion|artichoke|flute,Answer using only one word - artichoke or flute and not accordion. Which is more similar in semantic meaning to accordion?,flute
accordion|artichoke|motorcycle,Answer using only one word - artichoke or motorcycle and not accordion. Which is more similar in semantic meaning to accordion?,artichoke
accordion|bagel|beaver,Answer using only one word - bagel or beaver and not accordion. Which is more similar in semantic meaning to accordion?,beaver
accordion|bagel|belt,Answer using only one word - bagel or belt and not accordion. Which is more similar in semantic meaning to accordion?,bagel
accordion|bagel|boa,Answer using only one word - bagel or boa and not accordion. Which is more similar in semantic meaning to accordion?,boa
accordion|bagel|burrito,Answer using only one word - bagel or burrito and not accordion. Which is more similar in semantic meaning to accordion?,burrito
accordion|bagel|car,Answer using only one word - bagel or car and not accordion. Which is more similar in semantic meaning to accordion?,bagel
accordion|bagel|celery,Answer using only one word - bagel or celery and not accordion. Which is more similar in semantic meaning to accordion?,celery
accordion|bagel|coat,Answer using only one word - bagel or coat and not accordion. Which is more similar in semantic meaning to accordion?,coat
accordion|bagel|dress,Answer using only one word - bagel or dress and not accordion. Which is more similar in semantic meaning to accordion?,dress
accordion|bagel|flute,Answer using only one word - bagel or flute and not accordion. Which is more similar in semantic meaning to accordion?,flute
accordion|bagel|motorcycle,Answer using only one word - bagel or motorcycle and not accordion. Which is more similar in semantic meaning to accordion?,bagel
accordion|banana|bed,Answer using only one word - banana or bed and not accordion. Which is more similar in semantic meaning to accordion?,banana
accordion|banana|bird,Answer using only one word - banana or bird and not accordion. Which is more similar in semantic meaning to accordion?,bird
accordion|banana|boar,Answer using only one word - banana or boar and not accordion. Which is more similar in semantic meaning to accordion?,boar
accordion|banana|cactus,Answer using only one word - banana or cactus and not accordion. Which is more similar in semantic meaning to accordion?,cactus
accordion|banana|carrot,Answer using only one word - banana or carrot and not accordion. Which is more similar in semantic meaning to accordion?,carrot
accordion|banana|chili,Answer using only one word - banana or chili and not accordion. Which is more similar in semantic meaning to accordion?,chili
accordion|banana|coconut,Answer using only one word - banana or coconut and not accordion. Which is more similar in semantic meaning to accordion?,coconut
accordion|banana|eagle,Answer using only one word - banana or eagle and not accordion. Which is more similar in semantic meaning to accordion?,banana
accordion|banana|fly,Answer using only one word - banana or fly and not accordion. Which is more similar in semantic meaning to accordion?,fly
accordion|banjo|barrel,Answer using only one word - banjo or barrel and not accordion. Which is more similar in semantic meaning to accordion?,banjo
accordion|banjo|beetle,Answer using only one word - banjo or beetle and not accordion. Which is more similar in semantic meaning to accordion?,banjo
accordion|banjo|blowtorch,Answer using only one word - banjo or blowtorch and not accordion. Which is more similar in semantic meaning to accordion?,banjo
accordion|banjo|brussels sprouts,Answer using only one word - banjo or brussels sprouts and not accordion. Which is more similar in semantic meaning to accordion?,banjo
accordion|banjo|candy,Answer using only one word - banjo or candy and not accordion. Which is more similar in semantic meaning to accordion?,banjo
accordion|banjo|cat,Answer using only one word - banjo or cat and not accordion. Which is more similar in semantic meaning to accordion?,banjo
accordion|banjo|chisel,Answer using only one word - banjo or chisel and not accordion. Which is more similar in semantic meaning to accordion?,banjo
accordion|banjo|crowbar,Answer using only one word - banjo or crowbar and not accordion. Which is more similar in semantic meaning to accordion?,banjo
accordion|banjo|fig,Answer using only one word - banjo or fig and not accordion. Which is more similar in semantic meaning to accordion?,banjo
accordion|banjo|jeans,Answer using only one word - banjo or jeans and not accordion. Which is more similar in semantic meaning to accordion?,banjo
accordion|barrel|bed,Answer using only one word - barrel or bed and not accordion. Which is more similar in semantic meaning to accordion?,barrel
accordion|barrel|bird,Answer using only one word - barrel or bird and not accordion. Which is more similar in semantic meaning to accordion?,bird
accordion|barrel|boar,Answer using only one word - barrel or boar and not accordion. Which is more similar in semantic meaning to accordion?,barrel
accordion|barrel|cactus,Answer using only one word - barrel or cactus and not accordion. Which is more similar in semantic meaning to accordion?,barrel
accordion|barrel|carrot,Answer using only one word - barrel or carrot and not accordion. Which is more similar in semantic meaning to accordion?,barrel
accordion|barrel|chili,Answer using only one word - barrel or chili and not accordion. Which is more similar in semantic meaning to accordion?,chili
accordion|barrel|coconut,Answer using only one word - barrel or coconut and not accordion. Which is more similar in semantic meaning to accordion?,barrel
accordion|barrel|eagle,Answer using only one word - barrel or eagle and not accordion. Which is more similar in semantic meaning to accordion?,barrel
accordion|barrel|fly,Answer using only one word - barrel or fly and not accordion. Which is more similar in semantic meaning to accordion?,barrel
accordion|bat|beaver,Answer using only one word - bat or beaver and not accordion. Which is more similar in semantic meaning to accordion?,beaver
accordion|bat|belt,Answer using only one word - bat or belt and not accordion. Which is more similar in semantic meaning to accordion?,belt
accordion|bat|boa,Answer using only one word - bat or boa and not accordion. Which is more similar in semantic meaning to accordion?,boa
accordion|bat|burrito,Answer using only one word - bat or burrito and not accordion. Which is more similar in semantic meaning to accordion?,burrito
accordion|bat|car,Answer using only one word - bat or car and not accordion. Which is more similar in semantic meaning to accordion?,bat
accordion|bat|celery,Answer using only one word - bat or celery and not accordion. Which is more similar in semantic meaning to accordion?,celery
accordion|bat|coat,Answer using only one word - bat or coat and not accordion. Which is more similar in semantic meaning to accordion?,coat
accordion|bat|dress,Answer using only one word - bat or dress and not accordion. Which is more similar in semantic meaning to accordion?,dress
accordion|bat|flute,Answer using only one word - bat or flute and not accordion. Which is more similar in semantic meaning to accordion?,flute
accordion|bat|motorcycle,Answer using only one word - bat or motorcycle and not accordion. Which is more similar in semantic meaning to accordion?,bat
accordion|beaver|belt,Answer using only one word - beaver or belt and not accordion. Which is more similar in semantic meaning to accordion?,beaver
accordion|beaver|boa,Answer using only one word - beaver or boa and not accordion. Which is more similar in semantic meaning to accordion?,beaver
accordion|beaver|burrito,Answer using only one word - beaver or burrito and not accordion. Which is more similar in semantic meaning to accordion?,beaver
accordion|beaver|car,Answer using only one word - beaver or car and not accordion. Which is more similar in semantic meaning to accordion?,beaver
accordion|beaver|celery,Answer using only one word - beaver or celery and not accordion. Which is more similar in semantic meaning to accordion?,beaver
accordion|beaver|coat,Answer using only one word - beaver or coat and not accordion. Which is more similar in semantic meaning to accordion?,coat
accordion|beaver|dress,Answer using only one word - beaver or dress and not accordion. Which is more similar in semantic meaning to accordion?,beaver
accordion|beaver|flute,Answer using only one word - beaver or flute and not accordion. Which is more similar in semantic meaning to accordion?,flute
accordion|beaver|motorcycle,Answer using only one word - beaver or motorcycle and not accordion. Which is more similar in semantic meaning to accordion?,beaver
accordion|bed|bird,Answer using only one word - bed or bird and not accordion. Which is more similar in semantic meaning to accordion?,bird
accordion|bed|boar,Answer using only one word - bed or boar and not accordion. Which is more similar in semantic meaning to accordion?,boar
accordion|bed|cactus,Answer using only one word - bed or cactus and not accordion. Which is more similar in semantic meaning to accordion?,cactus
accordion|bed|carrot,Answer using only one word - bed or carrot and not accordion. Which is more similar in semantic meaning to accordion?,carrot
accordion|bed|chili,Answer using only one word - bed or chili and not accordion. Which is more similar in semantic meaning to accordion?,chili
accordion|bed|coconut,Answer using only one word - bed or coconut and not accordion. Which is more similar in semantic meaning to accordion?,coconut
accordion|bed|eagle,Answer using only one word - bed or eagle and not accordion. Which is more similar in semantic meaning to accordion?,eagle
accordion|bed|fly,Answer using only one word - bed or fly and not accordion. Which is more similar in semantic meaning to accordion?,fly
accordion|beet|beetle,Answer using only one word - beet or beetle and not accordion. Which is more similar in semantic meaning to accordion?,beetle
accordion|beet|blowtorch,Answer using only one word - beet or blowtorch and not accordion. Which is more similar in semantic meaning to accordion?,beet
accordion|beet|brussels sprouts,Answer using only one word - beet or brussels sprouts and not accordion. Which is more similar in semantic meaning to accordion?,Brussels
accordion|beet|candy,Answer using only one word - beet or candy and not accordion. Which is more similar in semantic meaning to accordion?,candy
accordion|beet|cat,Answer using only one word - beet or cat and not accordion. Which is more similar in semantic meaning to accordion?,Beet
accordion|beet|chisel,Answer using only one word - beet or chisel and not accordion. Which is more similar in semantic meaning to accordion?,chisel
accordion|beet|crowbar,Answer using only one word - beet or crowbar and not accordion. Which is more similar in semantic meaning to accordion?,Beet
accordion|beet|fig,Answer using only one word - beet or fig and not accordion. Which is more similar in semantic meaning to accordion?,fig
accordion|beet|jeans,Answer using only one word - beet or jeans and not accordion. Which is more similar in semantic meaning to accordion?,Beet
accordion|beetle|bird,Answer using only one word - beetle or bird and not accordion. Which is more similar in semantic meaning to accordion?,bird
accordion|beetle|boar,Answer using only one word - beetle or boar and not accordion. Which is more similar in semantic meaning to accordion?,beetle
accordion|beetle|cactus,Answer using only one word - beetle or cactus and not accordion. Which is more similar in semantic meaning to accordion?,beetle
accordion|beetle|carrot,Answer using only one word - beetle or carrot and not accordion. Which is more similar in semantic meaning to accordion?,beetle
accordion|beetle|chili,Answer using only one word - beetle or chili and not accordion. Which is more similar in semantic meaning to accordion?,beetle
accordion|beetle|coconut,Answer using only one word - beetle or coconut and not accordion. Which is more similar in semantic meaning to accordion?,coconut
accordion|beetle|eagle,Answer using only one word - beetle or eagle and not accordion. Which is more similar in semantic meaning to accordion?,beetle
accordion|beetle|fly,Answer using only one word - beetle or fly and not accordion. Which is more similar in semantic meaning to accordion?,fly
accordion|bell|belt,Answer using only one word - bell or belt and not accordion. Which is more similar in semantic meaning to accordion?,bell
accordion|bell|boa,Answer using only one word - bell or boa and not accordion. Which is more similar in semantic meaning to accordion?,boa
accordion|bell|burrito,Answer using only one word - bell or burrito and not accordion. Which is more similar in semantic meaning to accordion?,bell
accordion|bell|car,Answer using only one word - bell or car and not accordion. Which is more similar in semantic meaning to accordion?,bell
accordion|bell|celery,Answer using only one word - bell or celery and not accordion. Which is more similar in semantic meaning to accordion?,bell
accordion|bell|coat,Answer using only one word - bell or coat and not accordion. Which is more similar in semantic meaning to accordion?,coat
accordion|bell|dress,Answer using only one word - bell or dress and not accordion. Which is more similar in semantic meaning to accordion?,bell
accordion|bell|flute,Answer using only one word - bell or flute and not accordion. Which is more similar in semantic meaning to accordion?,flute
accordion|bell|motorcycle,Answer using only one word - bell or motorcycle and not accordion. Which is more similar in semantic meaning to accordion?,bell
accordion|belt|boa,Answer using only one word - belt or boa and not accordion. Which is more similar in semantic meaning to accordion?,boa
accordion|belt|burrito,Answer using only one word - belt or burrito and not accordion. Which is more similar in semantic meaning to accordion?,burrito
accordion|belt|car,Answer using only one word - belt or car and not accordion. Which is more similar in semantic meaning to accordion?,belt
accordion|belt|celery,Answer using only one word - belt or celery and not accordion. Which is more similar in semantic meaning to accordion?,celery
accordion|belt|coat,Answer using only one word - belt or coat and not accordion. Which is more similar in semantic meaning to accordion?,coat
accordion|belt|dress,Answer using only one word - belt or dress and not accordion. Which is more similar in semantic meaning to accordion?,dress
accordion|belt|flute,Answer using only one word - belt or flute and not accordion. Which is more similar in semantic meaning to accordion?,flute
accordion|belt|motorcycle,Answer using only one word - belt or motorcycle and not accordion. Which is more similar in semantic meaning to accordion?,belt
accordion|bird|boar,Answer using only one word - bird or boar and not accordion. Which is more similar in semantic meaning to accordion?,bird
accordion|bird|cactus,Answer using only one word - bird or cactus and not accordion. Which is more similar in semantic meaning to accordion?,cactus
accordion|bird|carrot,Answer using only one word - bird or carrot and not accordion. Which is more similar in semantic meaning to accordion?,bird
accordion|bird|chili,Answer using only one word - bird or chili and not accordion. Which is more similar in semantic meaning to accordion?,bird
accordion|bird|coconut,Answer using only one word - bird or coconut and not accordion. Which is more similar in semantic meaning to accordion?,bird
accordion|bird|eagle,Answer using only one word - bird or eagle and not accordion. Which is more similar in semantic meaning to accordion?,bird
accordion|bird|fly,Answer using only one word - bird or fly and not accordion. Which is more similar in semantic meaning to accordion?,bird
accordion|blender|blowtorch,Answer using only one word - blender or blowtorch and not accordion. Which is more similar in semantic meaning to accordion?,blender
accordion|blender|brussels sprouts,Answer using only one word - blender or brussels sprouts and not accordion. Which is more similar in semantic meaning to accordion?,brussels sprouts
accordion|blender|candy,Answer using only one word - blender or candy and not accordion. Which is more similar in semantic meaning to accordion?,candy
accordion|blender|cat,Answer using only one word - blender or cat and not accordion. Which is more similar in semantic meaning to accordion?,blender
accordion|blender|chisel,Answer using only one word - blender or chisel and not accordion. Which is more similar in semantic meaning to accordion?,blender
accordion|blender|crowbar,Answer using only one word - blender or crowbar and not accordion. Which is more similar in semantic meaning to accordion?,blender
accordion|blender|fig,Answer using only one word - blender or fig and not accordion. Which is more similar in semantic meaning to accordion?,fig
accordion|blender|jeans,Answer using only one word - blender or jeans and not accordion. Which is more similar in semantic meaning to accordion?,blender
accordion|blowtorch|boar,Answer using only one word - blowtorch or boar and not accordion. Which is more similar in semantic meaning to accordion?,boar
accordion|blowtorch|cactus,Answer using only one word - blowtorch or cactus and not accordion. Which is more similar in semantic meaning to accordion?,blowtorch
accordion|blowtorch|carrot,Answer using only one word - blowtorch or carrot and not accordion. Which is more similar in semantic meaning to accordion?,blowtorch
accordion|blowtorch|chili,Answer using only one word - blowtorch or chili and not accordion. Which is more similar in semantic meaning to accordion?,chili
accordion|blowtorch|coconut,Answer using only one word - blowtorch or coconut and not accordion. Which is more similar in semantic meaning to accordion?,coconut
accordion|blowtorch|eagle,Answer using only one word - blowtorch or eagle and not accordion. Which is more similar in semantic meaning to accordion?,eagle
accordion|blowtorch|fly,Answer using only one word - blowtorch or fly and not accordion. Which is more similar in semantic meaning to accordion?,fly
accordion|blueberry|boa,Answer using only one word - blueberry or boa and not accordion. Which is more similar in semantic meaning to accordion?,boa
accordion|blueberry|burrito,Answer using only one word - blueberry or burrito and not accordion. Which is more similar in semantic meaning to accordion?,burrito
accordion|blueberry|car,Answer using only one word - blueberry or car and not accordion. Which is more similar in semantic meaning to accordion?,car
accordion|blueberry|celery,Answer using only one word - blueberry or celery and not accordion. Which is more similar in semantic meaning to accordion?,celery
accordion|blueberry|coat,Answer using only one word - blueberry or coat and not accordion. Which is more similar in semantic meaning to accordion?,coat
accordion|blueberry|dress,Answer using only one word - blueberry or dress and not accordion. Which is more similar in semantic meaning to accordion?,dress
accordion|blueberry|flute,Answer using only one word - blueberry or flute and not accordion. Which is more similar in semantic meaning to accordion?,flute
accordion|blueberry|motorcycle,Answer using only one word - blueberry or motorcycle and not accordion. Which is more similar in semantic meaning to accordion?,blueberry
accordion|boa|burrito,Answer using only one word - boa or burrito and not accordion. Which is more similar in semantic meaning to accordion?,boa
accordion|boa|car,Answer using only one word - boa or car and not accordion. Which is more similar in semantic meaning to accordion?,boa
accordion|boa|celery,Answer using only one word - boa or celery and not accordion. Which is more similar in semantic meaning to accordion?,Celery
accordion|boa|coat,Answer using only one word - boa or coat and not accordion. Which is more similar in semantic meaning to accordion?,coat
accordion|boa|dress,Answer using only one word - boa or dress and not accordion. Which is more similar in semantic meaning to accordion?,dress
accordion|boa|flute,Answer using only one word - boa or flute and not accordion. Which is more similar in semantic meaning to accordion?,flute
accordion|boa|motorcycle,Answer using only one word - boa or motorcycle and not accordion. Which is more similar in semantic meaning to accordion?,boa
accordion|boar|cactus,Answer using only one word - boar or cactus and not accordion. Which is more similar in semantic meaning to accordion?,Cactus
accordion|boar|carrot,Answer using only one word - boar or carrot and not accordion. Which is more similar in semantic meaning to accordion?,Carrot
accordion|boar|chili,Answer using only one word - boar or chili and not accordion. Which is more similar in semantic meaning to accordion?,Chili
accordion|boar|coconut,Answer using only one word - boar or coconut and not accordion. Which is more similar in semantic meaning to accordion?,Coconut
accordion|boar|eagle,Answer using only one word - boar or eagle and not accordion. Which is more similar in semantic meaning to accordion?,eagle
accordion|boar|fly,Answer using only one word - boar or fly and not accordion. Which is more similar in semantic meaning to accordion?,Fly
accordion|bread|brussels sprouts,Answer using only one word - bread or brussels sprouts and not accordion. Which is more similar in semantic meaning to accordion?,Brussels
accordion|bread|candy,Answer using only one word - bread or candy and not accordion. Which is more similar in semantic meaning to accordion?,candy
accordion|bread|cat,Answer using only one word - bread or cat and not accordion. Which is more similar in semantic meaning to accordion?,bread
accordion|bread|chisel,Answer using only one word - bread or chisel and not accordion. Which is more similar in semantic meaning to accordion?,chisel
accordion|bread|crowbar,Answer using only one word - bread or crowbar and not accordion. Which is more similar in semantic meaning to accordion?,bread
accordion|bread|fig,Answer using only one word - bread or fig and not accordion. Which is more similar in semantic meaning to accordion?,fig
accordion|bread|jeans,Answer using only one word - bread or jeans and not accordion. Which is more similar in semantic meaning to accordion?,bread
accordion|brussels sprouts|cactus,Answer using only one word - brussels sprouts or cactus and not accordion. Which is more similar in semantic meaning to accordion?,Cactus
accordion|brussels sprouts|carrot,Answer using only one word - brussels sprouts or carrot and not accordion. Which is more similar in semantic meaning to accordion?,Carrot
accordion|brussels sprouts|chili,Answer using only one word - brussels sprouts or chili and not accordion. Which is more similar in semantic meaning to accordion?,Chili
accordion|brussels sprouts|coconut,Answer using only one word - brussels sprouts or coconut and not accordion. Which is more similar in semantic meaning to accordion?,Coconut
accordion|brussels sprouts|eagle,Answer using only one word - brussels sprouts or eagle and not accordion. Which is more similar in semantic meaning to accordion?,Eagle
accordion|brussels sprouts|fly,Answer using only one word - brussels sprouts or fly and not accordion. Which is more similar in semantic meaning to accordion?,Fly
accordion|bucket|burrito,Answer using only one word - bucket or burrito and not accordion. Which is more similar in semantic meaning to accordion?,burrito
accordion|bucket|car,Answer using only one word - bucket or car and not accordion. Which is more similar in semantic meaning to accordion?,bucket
accordion|bucket|celery,Answer using only one word - bucket or celery and not accordion. Which is more similar in semantic meaning to accordion?,celery
accordion|bucket|coat,Answer using only one word - bucket or coat and not accordion. Which is more similar in semantic meaning to accordion?,coat
accordion|bucket|dress,Answer using only one word - bucket or dress and not accordion. Which is more similar in semantic meaning to accordion?,dress
accordion|bucket|flute,Answer using only one word - bucket or flute and not accordion. Which is more similar in semantic meaning to accordion?,flute
accordion|bucket|motorcycle,Answer using only one word - bucket or motorcycle and not accordion. Which is more similar in semantic meaning to accordion?,bucket
accordion|burrito|car,Answer using only one word - burrito or car and not accordion. Which is more similar in semantic meaning to accordion?,burrito
accordion|burrito|celery,Answer using only one word - burrito or celery and not accordion. Which is more similar in semantic meaning to accordion?,burrito
accordion|burrito|coat,Answer using only one word - burrito or coat and not accordion. Which is more similar in semantic meaning to accordion?,coat
accordion|burrito|dress,Answer using only one word - burrito or dress and not accordion. Which is more similar in semantic meaning to accordion?,burrito
accordion|burrito|flute,Answer using only one word - burrito or flute and not accordion. Which is more similar in semantic meaning to accordion?,flute
accordion|burrito|motorcycle,Answer using only one word - burrito or motorcycle and not accordion. Which is more similar in semantic meaning to accordion?,burrito
accordion|cactus|carrot,Answer using only one word - cactus or carrot and not accordion. Which is more similar in semantic meaning to accordion?,cactus
accordion|cactus|chili,Answer using only one word - cactus or chili and not accordion. Which is more similar in semantic meaning to accordion?,chili
accordion|cactus|coconut,Answer using only one word - cactus or coconut and not accordion. Which is more similar in semantic meaning to accordion?,cactus
accordion|cactus|eagle,Answer using only one word - cactus or eagle and not accordion. Which is more similar in semantic meaning to accordion?,cactus
accordion|cactus|fly,Answer using only one word - cactus or fly and not accordion. Which is more similar in semantic meaning to accordion?,cactus
accordion|candle|candy,Answer using only one word - candle or candy and not accordion. Which is more similar in semantic meaning to accordion?,candle
accordion|candle|cat,Answer using only one word - candle or cat and not accordion. Which is more similar in semantic meaning to accordion?,candle
accordion|candle|chisel,Answer using only one word - candle or chisel and not accordion. Which is more similar in semantic meaning to accordion?,chisel
accordion|candle|crowbar,Answer using only one word - candle or crowbar and not accordion. Which is more similar in semantic meaning to accordion?,candle
accordion|candle|fig,Answer using only one word - candle or fig and not accordion. Which is more similar in semantic meaning to accordion?,fig
accordion|candle|jeans,Answer using only one word - candle or jeans and not accordion. Which is more similar in semantic meaning to accordion?,candle
accordion|candy|carrot,Answer using only one word - candy or carrot and not accordion. Which is more similar in semantic meaning to accordion?,candy
accordion|candy|chili,Answer using only one word - candy or chili and not accordion. Which is more similar in semantic meaning to accordion?,candy
accordion|candy|coconut,Answer using only one word - candy or coconut and not accordion. Which is more similar in semantic meaning to accordion?,candy
accordion|candy|eagle,Answer using only one word - candy or eagle and not accordion. Which is more similar in semantic meaning to accordion?,candy
accordion|candy|fly,Answer using only one word - candy or fly and not accordion. Which is more similar in semantic meaning to accordion?,fly
accordion|cannon|car,Answer using only one word - cannon or car and not accordion. Which is more similar in semantic meaning to accordion?,cannon
accordion|cannon|celery,Answer using only one word - cannon or celery and not accordion. Which is more similar in semantic meaning to accordion?,cannon
accordion|cannon|coat,Answer using only one word - cannon or coat and not accordion. Which is more similar in semantic meaning to accordion?,cannon
accordion|cannon|dress,Answer using only one word - cannon or dress and not accordion. Which is more similar in semantic meaning to accordion?,cannon
accordion|cannon|flute,Answer using only one word - cannon or flute and not accordion. Which is more similar in semantic meaning to accordion?,flute
accordion|cannon|motorcycle,Answer using only one word - cannon or motorcycle and not accordion. Which is more similar in semantic meaning to accordion?,cannon
accordion|car|celery,Answer using only one word - car or celery and not accordion. Which is more similar in semantic meaning to accordion?,celery
accordion|car|coat,Answer using only one word - car or coat and not accordion. Which is more similar in semantic meaning to accordion?,coat
accordion|car|dress,Answer using only one word - car or dress and not accordion. Which is more similar in semantic meaning to accordion?,dress
accordion|car|flute,Answer using only one word - car or flute and not accordion. Which is more similar in semantic meaning to accordion?,flute
accordion|car|motorcycle,Answer using only one word - car or motorcycle and not accordion. Which is more similar in semantic meaning to accordion?,Neither
accordion|carrot|chili,Answer using only one word - carrot or chili and not accordion. Which is more similar in semantic meaning to accordion?,chili
accordion|carrot|coconut,Answer using only one word - carrot or coconut and not accordion. Which is more similar in semantic meaning to accordion?,Coconut
accordion|carrot|eagle,Answer using only one word - carrot or eagle and not accordion. Which is more similar in semantic meaning to accordion?,carrot
accordion|carrot|fly,Answer using only one word - carrot or fly and not accordion. Which is more similar in semantic meaning to accordion?,fly
accordion|cart|cat,Answer using only one word - cart or cat and not accordion. Which is more similar in semantic meaning to accordion?,cart
accordion|cart|chisel,Answer using only one word - cart or chisel and not accordion. Which is more similar in semantic meaning to accordion?,Chisel
accordion|cart|crowbar,Answer using only one word - cart or crowbar and not accordion. Which is more similar in semantic meaning to accordion?,crowbar
accordion|cart|fig,Answer using only one word - cart or fig and not accordion. Which is more similar in semantic meaning to accordion?,fig
accordion|cart|jeans,Answer using only one word - cart or jeans and not accordion. Which is more similar in semantic meaning to accordion?,cart
accordion|cat|chili,Answer using only one word - cat or chili and not accordion. Which is more similar in semantic meaning to accordion?,chili
accordion|cat|coconut,Answer using only one word - cat or coconut and not accordion. Which is more similar in semantic meaning to accordion?,coconut
accordion|cat|eagle,Answer using only one word - cat or eagle and not accordion. Which is more similar in semantic meaning to accordion?,eagle
accordion|cat|fly,Answer using only one word - cat or fly and not accordion. Which is more similar in semantic meaning to accordion?,fly
accordion|caterpillar|celery,Answer using only one word - caterpillar or celery and not accordion. Which is more similar in semantic meaning to accordion?,caterpillar
accordion|caterpillar|coat,Answer using only one word - caterpillar or coat and not accordion. Which is more similar in semantic meaning to accordion?,caterpillar
accordion|caterpillar|dress,Answer using only one word - caterpillar or dress and not accordion. Which is more similar in semantic meaning to accordion?,caterpillar
accordion|caterpillar|flute,Answer using only one word - caterpillar or flute and not accordion. Which is more similar in semantic meaning to accordion?,flute
accordion|caterpillar|motorcycle,Answer using only one word - caterpillar or motorcycle and not accordion. Which is more similar in semantic meaning to accordion?,caterpillar
accordion|celery|coat,Answer using only one word - celery or coat and not accordion. Which is more similar in semantic meaning to accordion?,celery
accordion|celery|dress,Answer using only one word - celery or dress and not accordion. Which is more similar in semantic meaning to accordion?,dress
accordion|celery|flute,Answer using only one word - celery or flute and not accordion. Which is more similar in semantic meaning to accordion?,flute
accordion|celery|motorcycle,Answer using only one word - celery or motorcycle and not accordion. Which is more similar in semantic meaning to accordion?,celery
accordion|chili|coconut,Answer using only one word - chili or coconut and not accordion. Which is more similar in semantic meaning to accordion?,Coconut
accordion|chili|eagle,Answer using only one word - chili or eagle and not accordion. Which is more similar in semantic meaning to accordion?,eagle
accordion|chili|fly,Answer using only one word - chili or fly and not accordion. Which is more similar in semantic meaning to accordion?,chili
accordion|chinchilla|chisel,Answer using only one word - chinchilla or chisel and not accordion. Which is more similar in semantic meaning to accordion?,Chinchilla
accordion|chinchilla|crowbar,Answer using only one word - chinchilla or crowbar and not accordion. Which is more similar in semantic meaning to accordion?,Chinchilla
accordion|chinchilla|fig,Answer using only one word - chinchilla or fig and not accordion. Which is more similar in semantic meaning to accordion?,chinchilla
accordion|chinchilla|jeans,Answer using only one word - chinchilla or jeans and not accordion. Which is more similar in semantic meaning to accordion?,Chinchilla
accordion|chisel|coconut,Answer using only one word - chisel or coconut and not accordion. Which is more similar in semantic meaning to accordion?,Coconut
accordion|chisel|eagle,Answer using only one word - chisel or eagle and not accordion. Which is more similar in semantic meaning to accordion?,Eagle
accordion|chisel|fly,Answer using only one word - chisel or fly and not accordion. Which is more similar in semantic meaning to accordion?,Chisel
accordion|clarinet|coat,Answer using only one word - clarinet or coat and not accordion. Which is more similar in semantic meaning to accordion?,clarinet
accordion|clarinet|dress,Answer using only one word - clarinet or dress and not accordion. Which is more similar in semantic meaning to accordion?,Clarinet
accordion|clarinet|flute,Answer using only one word - clarinet or flute and not accordion. Which is more similar in semantic meaning to accordion?,flute
accordion|clarinet|motorcycle,Answer using only one word - clarinet or motorcycle and not accordion. Which is more similar in semantic meaning to accordion?,clarinet
accordion|coat|dress,Answer using only one word - coat or dress and not accordion. Which is more similar in semantic meaning to accordion?,dress
accordion|coat|flute,Answer using only one word - coat or flute and not accordion. Which is more similar in semantic meaning to accordion?,flute
accordion|coat|motorcycle,Answer using only one word - coat or motorcycle and not accordion. Which is more similar in semantic meaning to accordion?,coat
accordion|coconut|eagle,Answer using only one word - coconut or eagle and not accordion. Which is more similar in semantic meaning to accordion?,coconut
accordion|coconut|fly,Answer using only one word - coconut or fly and not accordion. Which is more similar in semantic meaning to accordion?,fly
accordion|crow|crowbar,Answer using only one word - crow or crowbar and not accordion. Which is more similar in semantic meaning to accordion?,crowbar
accordion|crow|fig,Answer using only one word - crow or fig and not accordion. Which is more similar in semantic meaning to accordion?,fig
accordion|crow|jeans,Answer using only one word - crow or jeans and not accordion. Which is more similar in semantic meaning to accordion?,crow
accordion|crowbar|eagle,Answer using only one word - crowbar or eagle and not accordion. Which is more similar in semantic meaning to accordion?,crowbar
accordion|crowbar|fly,Answer using only one word - crowbar or fly and not accordion. Which is more similar in semantic meaning to accordion?,crowbar
accordion|dragonfly|dress,Answer using only one word - dragonfly or dress and not accordion. Which is more similar in semantic meaning to accordion?,dress
accordion|dragonfly|flute,Answer using only one word - dragonfly or flute and not accordion. Which is more similar in semantic meaning to accordion?,flute
accordion|dragonfly|motorcycle,Answer using only one word - dragonfly or motorcycle and not accordion. Which is more similar in semantic meaning to accordion?,dragonfly
accordion|dress|flute,Answer using only one word - dress or flute and not accordion. Which is more similar in semantic meaning to accordion?,flute
accordion|dress|motorcycle,Answer using only one word - dress or motorcycle and not accordion. Which is more similar in semantic meaning to accordion?,dress
accordion|eagle|fly,Answer using only one word - eagle or fly and not accordion. Which is more similar in semantic meaning to accordion?,eagle
accordion|eggbeater|fig,Answer using only one word - eggbeater or fig and not accordion. Which is more similar in semantic meaning to accordion?,eggbeater
accordion|eggbeater|jeans,Answer using only one word - eggbeater or jeans and not accordion. Which is more similar in semantic meaning to accordion?,eggbeater
accordion|fig|fly,Answer using only one word - fig or fly and not accordion. Which is more similar in semantic meaning to accordion?,fig
accordion|file|flute,Answer using only one word - file or flute and not accordion. Which is more similar in semantic meaning to accordion?,flute
accordion|file|motorcycle,Answer using only one word - file or motorcycle and not accordion. Which is more similar in semantic meaning to accordion?,file
accordion|flute|motorcycle,Answer using only one word - flute or motorcycle and not accordion. Which is more similar in semantic meaning to accordion?,flute
accordion|grenade|jeans,Answer using only one word - grenade or jeans and not accordion. Which is more similar in semantic meaning to accordion?,Grenade
accordion|missile|motorcycle,Answer using only one word - missile or motorcycle and not accordion. Which is more similar in semantic meaning to accordion?,missile
acorn|airplane|apple,Answer using only one word - airplane or apple and not acorn. Which is more similar in semantic meaning to acorn?,apple
acorn|airplane|barrel,Answer using only one word - airplane or barrel and not acorn. Which is more similar in semantic meaning to acorn?,barrel
acorn|airplane|beetle,Answer using only one word - airplane or beetle and not acorn. Which is more similar in semantic meaning to acorn?,beetle
acorn|airplane|blowtorch,Answer using only one word - airplane or blowtorch and not acorn. Which is more similar in semantic meaning to acorn?,airplane
acorn|airplane|brussels sprouts,Answer using only one word - airplane or brussels sprouts and not acorn. Which is more similar in semantic meaning to acorn?,Brussels
acorn|airplane|candy,Answer using only one word - airplane or candy and not acorn. Which is more similar in semantic meaning to acorn?,candy
acorn|airplane|cat,Answer using only one word - airplane or cat and not acorn. Which is more similar in semantic meaning to acorn?,acorn
acorn|airplane|chisel,Answer using only one word - airplane or chisel and not acorn. Which is more similar in semantic meaning to acorn?,Chisel
acorn|airplane|crowbar,Answer using only one word - airplane or crowbar and not acorn. Which is more similar in semantic meaning to acorn?,Neither
acorn|airplane|fig,Answer using only one word - airplane or fig and not acorn. Which is more similar in semantic meaning to acorn?,fig
acorn|airplane|jeans,Answer using only one word - airplane or jeans and not acorn. Which is more similar in semantic meaning to acorn?,Jeans
acorn|aloe|anvil,Answer using only one word - aloe or anvil and not acorn. Which is more similar in semantic meaning to acorn?,Aloe
acorn|aloe|banjo,Answer using only one word - aloe or banjo and not acorn. Which is more similar in semantic meaning to acorn?,Aloe
acorn|aloe|beet,Answer using only one word - aloe or beet and not acorn. Which is more similar in semantic meaning to acorn?,beet
acorn|aloe|blender,Answer using only one word - aloe or blender and not acorn. Which is more similar in semantic meaning to acorn?,Aloe
acorn|aloe|bread,Answer using only one word - aloe or bread and not acorn. Which is more similar in semantic meaning to acorn?,Aloe
acorn|aloe|candle,Answer using only one word - aloe or candle and not acorn. Which is more similar in semantic meaning to acorn?,Aloe
acorn|aloe|cart,Answer using only one word - aloe or cart and not acorn. Which is more similar in semantic meaning to acorn?,Aloe
acorn|aloe|chinchilla,Answer using only one word - aloe or chinchilla and not acorn. Which is more similar in semantic meaning to acorn?,Aloe
acorn|aloe|crow,Answer using only one word - aloe or crow and not acorn. Which is more similar in semantic meaning to acorn?,Aloe
acorn|aloe|eggbeater,Answer using only one word - aloe or eggbeater and not acorn. Which is more similar in semantic meaning to acorn?,Aloe
acorn|aloe|grenade,Answer using only one word - aloe or grenade and not acorn. Which is more similar in semantic meaning to acorn?,aloe
acorn|ant|anvil,Answer using only one word - ant or anvil and not acorn. Which is more similar in semantic meaning to acorn?,ant
acorn|ant|banjo,Answer using only one word - ant or banjo and not acorn. Which is more similar in semantic meaning to acorn?,ant
acorn|ant|beet,Answer using only one word - ant or beet and not acorn. Which is more similar in semantic meaning to acorn?,beet
acorn|ant|blender,Answer using only one word - ant or blender and not acorn. Which is more similar in semantic meaning to acorn?,ant
acorn|ant|bread,Answer using only one word - ant or bread and not acorn. Which is more similar in semantic meaning to acorn?,bread
acorn|ant|candle,Answer using only one word - ant or candle and not acorn. Which is more similar in semantic meaning to acorn?,ant
acorn|ant|cart,Answer using only one word - ant or cart and not acorn. Which is more similar in semantic meaning to acorn?,ant
acorn|ant|chinchilla,Answer using only one word - ant or chinchilla and not acorn. Which is more similar in semantic meaning to acorn?,ant
acorn|ant|crow,Answer using only one word - ant or crow and not acorn. Which is more similar in semantic meaning to acorn?,crow
acorn|ant|eggbeater,Answer using only one word - ant or eggbeater and not acorn. Which is more similar in semantic meaning to acorn?,ant
acorn|ant|grenade,Answer using only one word - ant or grenade and not acorn. Which is more similar in semantic meaning to acorn?,ant
acorn|anteater|apple,Answer using only one word - anteater or apple and not acorn. Which is more similar in semantic meaning to acorn?,Anteater
acorn|anteater|barrel,Answer using only one word - anteater or barrel and not acorn. Which is more similar in semantic meaning to acorn?,barrel
acorn|anteater|beetle,Answer using only one word - anteater or beetle and not acorn. Which is more similar in semantic meaning to acorn?,beetle
acorn|anteater|blowtorch,Answer using only one word - anteater or blowtorch and not acorn. Which is more similar in semantic meaning to acorn?,anteater
acorn|anteater|brussels sprouts,Answer using only one word - anteater or brussels sprouts and not acorn. Which is more similar in semantic meaning to acorn?,Brussels
acorn|anteater|candy,Answer using only one word - anteater or candy and not acorn. Which is more similar in semantic meaning to acorn?,candy
acorn|anteater|cat,Answer using only one word - anteater or cat and not acorn. Which is more similar in semantic meaning to acorn?,cat
acorn|anteater|chisel,Answer using only one word - anteater or chisel and not acorn. Which is more similar in semantic meaning to acorn?,Chisel
acorn|anteater|crowbar,Answer using only one word - anteater or crowbar and not acorn. Which is more similar in semantic meaning to acorn?,Anteater
acorn|anteater|fig,Answer using only one word - anteater or fig and not acorn. Which is more similar in semantic meaning to acorn?,fig
acorn|anteater|jeans,Answer using only one word - anteater or jeans and not acorn. Which is more similar in semantic meaning to acorn?,Anteater
acorn|anvil|bagel,Answer using only one word - anvil or bagel and not acorn. Which is more similar in semantic meaning to acorn?,Anvil
acorn|anvil|beaver,Answer using only one word - anvil or beaver and not acorn. Which is more similar in semantic meaning to acorn?,beaver
acorn|anvil|belt,Answer using only one word - anvil or belt and not acorn. Which is more similar in semantic meaning to acorn?,Anvil
acorn|anvil|boa,Answer using only one word - anvil or boa and not acorn. Which is more similar in semantic meaning to acorn?,Anvil
acorn|anvil|burrito,Answer using only one word - anvil or burrito and not acorn. Which is more similar in semantic meaning to acorn?,Anvil
acorn|anvil|car,Answer using only one word - anvil or car and not acorn. Which is more similar in semantic meaning to acorn?,Anvil
acorn|anvil|celery,Answer using only one word - anvil or celery and not acorn. Which is more similar in semantic meaning to acorn?,Anvil
acorn|anvil|coat,Answer using only one word - anvil or coat and not acorn. Which is more similar in semantic meaning to acorn?,coat
acorn|anvil|dress,Answer using only one word - anvil or dress and not acorn. Which is more similar in semantic meaning to acorn?,Anvil
acorn|anvil|flute,Answer using only one word - anvil or flute and not acorn. Which is more similar in semantic meaning to acorn?,Anvil
acorn|anvil|motorcycle,Answer using only one word - anvil or motorcycle and not acorn. Which is more similar in semantic meaning to acorn?,Anvil
acorn|apple|barrel,Answer using only one word - apple or barrel and not acorn. Which is more similar in semantic meaning to acorn?,apple
acorn|apple|beetle,Answer using only one word - apple or beetle and not acorn. Which is more similar in semantic meaning to acorn?,apple
acorn|apple|blowtorch,Answer using only one word - apple or blowtorch and not acorn. Which is more similar in semantic meaning to acorn?,apple
acorn|apple|brussels sprouts,Answer using only one word - apple or brussels sprouts and not acorn. Which is more similar in semantic meaning to acorn?,apple
acorn|apple|candy,Answer using only one word - apple or candy and not acorn. Which is more similar in semantic meaning to acorn?,candy
acorn|apple|cat,Answer using only one word - apple or cat and not acorn. Which is more similar in semantic meaning to acorn?,apple
acorn|apple|chisel,Answer using only one word - apple or chisel and not acorn. Which is more similar in semantic meaning to acorn?,apple
acorn|apple|crowbar,Answer using only one word - apple or crowbar and not acorn. Which is more similar in semantic meaning to acorn?,apple
acorn|apple|fig,Answer using only one word - apple or fig and not acorn. Which is more similar in semantic meaning to acorn?,fig
acorn|apple|jeans,Answer using only one word - apple or jeans and not acorn. Which is more similar in semantic meaning to acorn?,apple
acorn|artichoke|banjo,Answer using only one word - artichoke or banjo and not acorn. Which is more similar in semantic meaning to acorn?,artichoke
acorn|artichoke|beet,Answer using only one word - artichoke or beet and not acorn. Which is more similar in semantic meaning to acorn?,beet
acorn|artichoke|blender,Answer using only one word - artichoke or blender and not acorn. Which is more similar in semantic meaning to acorn?,artichoke
acorn|artichoke|bread,Answer using only one word - artichoke or bread and not acorn. Which is more similar in semantic meaning to acorn?,bread
acorn|artichoke|candle,Answer using only one word - artichoke or candle and not acorn. Which is more similar in semantic meaning to acorn?,candle
acorn|artichoke|cart,Answer using only one word - artichoke or cart and not acorn. Which is more similar in semantic meaning to acorn?,artichoke
acorn|artichoke|chinchilla,Answer using only one word - artichoke or chinchilla and not acorn. Which is more similar in semantic meaning to acorn?,artichoke
acorn|artichoke|crow,Answer using only one word - artichoke or crow and not acorn. Which is more similar in semantic meaning to acorn?,acorn
acorn|artichoke|eggbeater,Answer using only one word - artichoke or eggbeater and not acorn. Which is more similar in semantic meaning to acorn?,artichoke
acorn|artichoke|grenade,Answer using only one word - artichoke or grenade and not acorn. Which is more similar in semantic meaning to acorn?,artichoke
acorn|bagel|banjo,Answer using only one word - bagel or banjo and not acorn. Which is more similar in semantic meaning to acorn?,bagel
acorn|bagel|beet,Answer using only one word - bagel or beet and not acorn. Which is more similar in semantic meaning to acorn?,beet
acorn|bagel|blender,Answer using only one word - bagel or blender and not acorn. Which is more similar in semantic meaning to acorn?,bagel
acorn|bagel|bread,Answer using only one word - bagel or bread and not acorn. Which is more similar in semantic meaning to acorn?,bread
acorn|bagel|candle,Answer using only one word - bagel or candle and not acorn. Which is more similar in semantic meaning to acorn?,candle
acorn|bagel|cart,Answer using only one word - bagel or cart and not acorn. Which is more similar in semantic meaning to acorn?,bagel
acorn|bagel|chinchilla,Answer using only one word - bagel or chinchilla and not acorn. Which is more similar in semantic meaning to acorn?,chinchilla
acorn|bagel|crow,Answer using only one word - bagel or crow and not acorn. Which is more similar in semantic meaning to acorn?,acorn
acorn|bagel|eggbeater,Answer using only one word - bagel or eggbeater and not acorn. Which is more similar in semantic meaning to acorn?,bagel
acorn|bagel|grenade,Answer using only one word - bagel or grenade and not acorn. Which is more similar in semantic meaning to acorn?,bagel
acorn|banana|barrel,Answer using only one word - banana or barrel and not acorn. Which is more similar in semantic meaning to acorn?,banana
acorn|banana|beetle,Answer using only one word - banana or beetle and not acorn. Which is more similar in semantic meaning to acorn?,beetle
acorn|banana|blowtorch,Answer using only one word - banana or blowtorch and not acorn. Which is more similar in semantic meaning to acorn?,banana
acorn|banana|brussels sprouts,Answer using only one word - banana or brussels sprouts and not acorn. Which is more similar in semantic meaning to acorn?,brussels
acorn|banana|candy,Answer using only one word - banana or candy and not acorn. Which is more similar in semantic meaning to acorn?,candy
acorn|banana|cat,Answer using only one word - banana or cat and not acorn. Which is more similar in semantic meaning to acorn?,banana
acorn|banana|chisel,Answer using only one word - banana or chisel and not acorn. Which is more similar in semantic meaning to acorn?,banana
acorn|banana|crowbar,Answer using only one word - banana or crowbar and not acorn. Which is more similar in semantic meaning to acorn?,banana
acorn|banana|fig,Answer using only one word - banana or fig and not acorn. Which is more similar in semantic meaning to acorn?,fig
acorn|banana|jeans,Answer using only one word - banana or jeans and not acorn. Which is more similar in semantic meaning to acorn?,banana
acorn|banjo|beaver,Answer using only one word - banjo or beaver and not acorn. Which is more similar in semantic meaning to acorn?,beaver
acorn|banjo|belt,Answer using only one word - banjo or belt and not acorn. Which is more similar in semantic meaning to acorn?,belt
acorn|banjo|boa,Answer using only one word - banjo or boa and not acorn. Which is more similar in semantic meaning to acorn?,boa
acorn|banjo|burrito,Answer using only one word - banjo or burrito and not acorn. Which is more similar in semantic meaning to acorn?,burrito
acorn|banjo|car,Answer using only one word - banjo or car and not acorn. Which is more similar in semantic meaning to acorn?,banjo
acorn|banjo|celery,Answer using only one word - banjo or celery and not acorn. Which is more similar in semantic meaning to acorn?,celery
acorn|banjo|coat,Answer using only one word - banjo or coat and not acorn. Which is more similar in semantic meaning to acorn?,coat
acorn|banjo|dress,Answer using only one word - banjo or dress and not acorn. Which is more similar in semantic meaning to acorn?,dress
acorn|banjo|flute,Answer using only one word - banjo or flute and not acorn. Which is more similar in semantic meaning to acorn?,flute
acorn|banjo|motorcycle,Answer using only one word - banjo or motorcycle and not acorn. Which is more similar in semantic meaning to acorn?,banjo
acorn|barrel|beetle,Answer using only one word - barrel or beetle and not acorn. Which is more similar in semantic meaning to acorn?,beetle
acorn|barrel|blowtorch,Answer using only one word - barrel or blowtorch and not acorn. Which is more similar in semantic meaning to acorn?,Barrel
acorn|barrel|brussels sprouts,Answer using only one word - barrel or brussels sprouts and not acorn. Which is more similar in semantic meaning to acorn?,Brussels
acorn|barrel|candy,Answer using only one word - barrel or candy and not acorn. Which is more similar in semantic meaning to acorn?,candy
acorn|barrel|cat,Answer using only one word - barrel or cat and not acorn. Which is more similar in semantic meaning to acorn?,cat
acorn|barrel|chisel,Answer using only one word - barrel or chisel and not acorn. Which is more similar in semantic meaning to acorn?,Barrel
acorn|barrel|crowbar,Answer using only one word - barrel or crowbar and not acorn. Which is more similar in semantic meaning to acorn?,Barrel
acorn|barrel|fig,Answer using only one word - barrel or fig and not acorn. Which is more similar in semantic meaning to acorn?,fig
acorn|barrel|jeans,Answer using only one word - barrel or jeans and not acorn. Which is more similar in semantic meaning to acorn?,barrel
acorn|bat|beet,Answer using only one word - bat or beet and not acorn. Which is more similar in semantic meaning to acorn?,bat
acorn|bat|blender,Answer using only one word - bat or blender and not acorn. Which is more similar in semantic meaning to acorn?,bat
acorn|bat|bread,Answer using only one word - bat or bread and not acorn. Which is more similar in semantic meaning to acorn?,bread
acorn|bat|candle,Answer using only one word - bat or candle and not acorn. Which is more similar in semantic meaning to acorn?,candle
acorn|bat|cart,Answer using only one word - bat or cart and not acorn. Which is more similar in semantic meaning to acorn?,cart
acorn|bat|chinchilla,Answer using only one word - bat or chinchilla and not acorn. Which is more similar in semantic meaning to acorn?,chinchilla
acorn|bat|crow,Answer using only one word - bat or crow and not acorn. Which is more similar in semantic meaning to acorn?,crow
acorn|bat|eggbeater,Answer using only one word - bat or eggbeater and not acorn. Which is more similar in semantic meaning to acorn?,bat
acorn|bat|grenade,Answer using only one word - bat or grenade and not acorn. Which is more similar in semantic meaning to acorn?,bat
acorn|beaver|beet,Answer using only one word - beaver or beet and not acorn. Which is more similar in semantic meaning to acorn?,beet
acorn|beaver|blender,Answer using only one word - beaver or blender and not acorn. Which is more similar in semantic meaning to acorn?,beaver
acorn|beaver|bread,Answer using only one word - beaver or bread and not acorn. Which is more similar in semantic meaning to acorn?,beaver
acorn|beaver|candle,Answer using only one word - beaver or candle and not acorn. Which is more similar in semantic meaning to acorn?,beaver
acorn|beaver|cart,Answer using only one word - beaver or cart and not acorn. Which is more similar in semantic meaning to acorn?,beaver
acorn|beaver|chinchilla,Answer using only one word - beaver or chinchilla and not acorn. Which is more similar in semantic meaning to acorn?,beaver
acorn|beaver|crow,Answer using only one word - beaver or crow and not acorn. Which is more similar in semantic meaning to acorn?,beaver
acorn|beaver|eggbeater,Answer using only one word - beaver or eggbeater and not acorn. Which is more similar in semantic meaning to acorn?,beaver
acorn|beaver|grenade,Answer using only one word - beaver or grenade and not acorn. Which is more similar in semantic meaning to acorn?,beaver
acorn|bed|beetle,Answer using only one word - bed or beetle and not acorn. Which is more similar in semantic meaning to acorn?,bed
acorn|bed|blowtorch,Answer using only one word - bed or blowtorch and not acorn. Which is more similar in semantic meaning to acorn?,bed
acorn|bed|brussels sprouts,Answer using only one word - bed or brussels sprouts and not acorn. Which is more similar in semantic meaning to acorn?,brussels sprouts
acorn|bed|candy,Answer using only one word - bed or candy and not acorn. Which is more similar in semantic meaning to acorn?,candy
acorn|bed|cat,Answer using only one word - bed or cat and not acorn. Which is more similar in semantic meaning to acorn?,cat
acorn|bed|chisel,Answer using only one word - bed or chisel and not acorn. Which is more similar in semantic meaning to acorn?,bed
acorn|bed|crowbar,Answer using only one word - bed or crowbar and not acorn. Which is more similar in semantic meaning to acorn?,bed
acorn|bed|fig,Answer using only one word - bed or fig and not acorn. Which is more similar in semantic meaning to acorn?,fig
acorn|bed|jeans,Answer using only one word - bed or jeans and not acorn. Which is more similar in semantic meaning to acorn?,bed
acorn|beet|belt,Answer using only one word - beet or belt and not acorn. Which is more similar in semantic meaning to acorn?,Beet
acorn|beet|boa,Answer using only one word - beet or boa and not acorn. Which is more similar in semantic meaning to acorn?,beet
acorn|beet|burrito,Answer using only one word - beet or burrito and not acorn. Which is more similar in semantic meaning to acorn?,Beet
acorn|beet|car,Answer using only one word - beet or car and not acorn. Which is more similar in semantic meaning to acorn?,car
acorn|beet|celery,Answer using only one word - beet or celery and not acorn. Which is more similar in semantic meaning to acorn?,Beet
acorn|beet|coat,Answer using only one word - beet or coat and not acorn. Which is more similar in semantic meaning to acorn?,coat
acorn|beet|dress,Answer using only one word - beet or dress and not acorn. Which is more similar in semantic meaning to acorn?,Beet
acorn|beet|flute,Answer using only one word - beet or flute and not acorn. Which is more similar in semantic meaning to acorn?,Beet
acorn|beet|motorcycle,Answer using only one word - beet or motorcycle and not acorn. Which is more similar in semantic meaning to acorn?,beet
acorn|beetle|blowtorch,Answer using only one word - beetle or blowtorch and not acorn. Which is more similar in semantic meaning to acorn?,beetle
acorn|beetle|brussels sprouts,Answer using only one word - beetle or brussels sprouts and not acorn. Which is more similar in semantic meaning to acorn?,Brussels
acorn|beetle|candy,Answer using only one word - beetle or candy and not acorn. Which is more similar in semantic meaning to acorn?,candy
acorn|beetle|cat,Answer using only one word - beetle or cat and not acorn. Which is more similar in semantic meaning to acorn?,beetle
acorn|beetle|chisel,Answer using only one word - beetle or chisel and not acorn. Which is more similar in semantic meaning to acorn?,Beetle
acorn|beetle|crowbar,Answer using only one word - beetle or crowbar and not acorn. Which is more similar in semantic meaning to acorn?,beetle
acorn|beetle|fig,Answer using only one word - beetle or fig and not acorn. Which is more similar in semantic meaning to acorn?,fig
acorn|beetle|jeans,Answer using only one word - beetle or jeans and not acorn. Which is more similar in semantic meaning to acorn?,beetle
acorn|bell|blender,Answer using only one word - bell or blender and not acorn. Which is more similar in semantic meaning to acorn?,bell
acorn|bell|bread,Answer using only one word - bell or bread and not acorn. Which is more similar in semantic meaning to acorn?,bell
acorn|bell|candle,Answer using only one word - bell or candle and not acorn. Which is more similar in semantic meaning to acorn?,candle
acorn|bell|cart,Answer using only one word - bell or cart and not acorn. Which is more similar in semantic meaning to acorn?,bell
acorn|bell|chinchilla,Answer using only one word - bell or chinchilla and not acorn. Which is more similar in semantic meaning to acorn?,chinchilla
acorn|bell|crow,Answer using only one word - bell or crow and not acorn. Which is more similar in semantic meaning to acorn?,crow
acorn|bell|eggbeater,Answer using only one word - bell or eggbeater and not acorn. Which is more similar in semantic meaning to acorn?,bell
acorn|bell|grenade,Answer using only one word - bell or grenade and not acorn. Which is more similar in semantic meaning to acorn?,bell
acorn|belt|blender,Answer using only one word - belt or blender and not acorn. Which is more similar in semantic meaning to acorn?,belt
acorn|belt|bread,Answer using only one word - belt or bread and not acorn. Which is more similar in semantic meaning to acorn?,Belt
acorn|belt|candle,Answer using only one word - belt or candle and not acorn. Which is more similar in semantic meaning to acorn?,candle
acorn|belt|cart,Answer using only one word - belt or cart and not acorn. Which is more similar in semantic meaning to acorn?,Belt
acorn|belt|chinchilla,Answer using only one word - belt or chinchilla and not acorn. Which is more similar in semantic meaning to acorn?,chinchilla
acorn|belt|crow,Answer using only one word - belt or crow and not acorn. Which is more similar in semantic meaning to acorn?,crow
acorn|belt|eggbeater,Answer using only one word - belt or eggbeater and not acorn. Which is more similar in semantic meaning to acorn?,Belt
acorn|belt|grenade,Answer using only one word - belt or grenade and not acorn. Which is more similar in semantic meaning to acorn?,belt
acorn|bird|blowtorch,Answer using only one word - bird or blowtorch and not acorn. Which is more similar in semantic meaning to acorn?,bird
acorn|bird|brussels sprouts,Answer using only one word - bird or brussels sprouts and not acorn. Which is more similar in semantic meaning to acorn?,bird
acorn|bird|candy,Answer using only one word - bird or candy and not acorn. Which is more similar in semantic meaning to acorn?,bird
acorn|bird|cat,Answer using only one word - bird or cat and not acorn. Which is more similar in semantic meaning to acorn?,bird
acorn|bird|chisel,Answer using only one word - bird or chisel and not acorn. Which is more similar in semantic meaning to acorn?,bird
acorn|bird|crowbar,Answer using only one word - bird or crowbar and not acorn. Which is more similar in semantic meaning to acorn?,bird
acorn|bird|fig,Answer using only one word - bird or fig and not acorn. Which is more similar in semantic meaning to acorn?,fig
acorn|bird|jeans,Answer using only one word - bird or jeans and not acorn. Which is more similar in semantic meaning to acorn?,bird
acorn|blender|boa,Answer using only one word - blender or boa and not acorn. Which is more similar in semantic meaning to acorn?,blender
acorn|blender|burrito,Answer using only one word - blender or burrito and not acorn. Which is more similar in semantic meaning to acorn?,Blender
acorn|blender|car,Answer using only one word - blender or car and not acorn. Which is more similar in semantic meaning to acorn?,blender
acorn|blender|celery,Answer using only one word - blender or celery and not acorn. Which is more similar in semantic meaning to acorn?,celery
acorn|blender|coat,Answer using only one word - blender or coat and not acorn. Which is more similar in semantic meaning to acorn?,coat
acorn|blender|dress,Answer using only one word - blender or dress and not acorn. Which is more similar in semantic meaning to acorn?,blender
acorn|blender|flute,Answer using only one word - blender or flute and not acorn. Which is more similar in semantic meaning to acorn?,Flute
acorn|blender|motorcycle,Answer using only one word - blender or motorcycle and not acorn. Which is more similar in semantic meaning to acorn?,blender
acorn|blowtorch|brussels sprouts,Answer using only one word - blowtorch or brussels sprouts and not acorn. Which is more similar in semantic meaning to acorn?,Brussels
acorn|blowtorch|candy,Answer using only one word - blowtorch or candy and not acorn. Which is more similar in semantic meaning to acorn?,candy
acorn|blowtorch|cat,Answer using only one word - blowtorch or cat and not acorn. Which is more similar in semantic meaning to acorn?,cat
acorn|blowtorch|chisel,Answer using only one word - blowtorch or chisel and not acorn. Which is more similar in semantic meaning to acorn?,Chisel
acorn|blowtorch|crowbar,Answer using only one word - blowtorch or crowbar and not acorn. Which is more similar in semantic meaning to acorn?,Crowbar
acorn|blowtorch|fig,Answer using only one word - blowtorch or fig and not acorn. Which is more similar in semantic meaning to acorn?,fig
acorn|blowtorch|jeans,Answer using only one word - blowtorch or jeans and not acorn. Which is more similar in semantic meaning to acorn?,Jeans
acorn|blueberry|bread,Answer using only one word - blueberry or bread and not acorn. Which is more similar in semantic meaning to acorn?,bread
acorn|blueberry|candle,Answer using only one word - blueberry or candle and not acorn. Which is more similar in semantic meaning to acorn?,candle
acorn|blueberry|cart,Answer using only one word - blueberry or cart and not acorn. Which is more similar in semantic meaning to acorn?,blueberry
acorn|blueberry|chinchilla,Answer using only one word - blueberry or chinchilla and not acorn. Which is more similar in semantic meaning to acorn?,Chinchilla
acorn|blueberry|crow,Answer using only one word - blueberry or crow and not acorn. Which is more similar in semantic meaning to acorn?,Crow
acorn|blueberry|eggbeater,Answer using only one word - blueberry or eggbeater and not acorn. Which is more similar in semantic meaning to acorn?,blueberry
acorn|blueberry|grenade,Answer using only one word - blueberry or grenade and not acorn. Which is more similar in semantic meaning to acorn?,blueberry
acorn|boa|bread,Answer using only one word - boa or bread and not acorn. Which is more similar in semantic meaning to acorn?,boa
acorn|boa|candle,Answer using only one word - boa or candle and not acorn. Which is more similar in semantic meaning to acorn?,candle
acorn|boa|cart,Answer using only one word - boa or cart and not acorn. Which is more similar in semantic meaning to acorn?,boa
acorn|boa|chinchilla,Answer using only one word - boa or chinchilla and not acorn. Which is more similar in semantic meaning to acorn?,Chinchilla
acorn|boa|crow,Answer using only one word - boa or crow and not acorn. Which is more similar in semantic meaning to acorn?,crow
acorn|boa|eggbeater,Answer using only one word - boa or eggbeater and not acorn. Which is more similar in semantic meaning to acorn?,boa
acorn|boa|grenade,Answer using only one word - boa or grenade and not acorn. Which is more similar in semantic meaning to acorn?,boa
acorn|boar|brussels sprouts,Answer using only one word - boar or brussels sprouts and not acorn. Which is more similar in semantic meaning to acorn?,Brussels
acorn|boar|candy,Answer using only one word - boar or candy and not acorn. Which is more similar in semantic meaning to acorn?,candy
acorn|boar|cat,Answer using only one word - boar or cat and not acorn. Which is more similar in semantic meaning to acorn?,boar
acorn|boar|chisel,Answer using only one word - boar or chisel and not acorn. Which is more similar in semantic meaning to acorn?,Chisel
acorn|boar|crowbar,Answer using only one word - boar or crowbar and not acorn. Which is more similar in semantic meaning to acorn?,Boar
acorn|boar|fig,Answer using only one word - boar or fig and not acorn. Which is more similar in semantic meaning to acorn?,boar
acorn|boar|jeans,Answer using only one word - boar or jeans and not acorn. Which is more similar in semantic meaning to acorn?,Boar
acorn|bread|burrito,Answer using only one word - bread or burrito and not acorn. Which is more similar in semantic meaning to acorn?,bread
acorn|bread|car,Answer using only one word - bread or car and not acorn. Which is more similar in semantic meaning to acorn?,bread
acorn|bread|celery,Answer using only one word - bread or celery and not acorn. Which is more similar in semantic meaning to acorn?,bread
acorn|bread|coat,Answer using only one word - bread or coat and not acorn. Which is more similar in semantic meaning to acorn?,bread
acorn|bread|dress,Answer using only one word - bread or dress and not acorn. Which is more similar in semantic meaning to acorn?,bread
acorn|bread|flute,Answer using only one word - bread or flute and not acorn. Which is more similar in semantic meaning to acorn?,bread
acorn|bread|motorcycle,Answer using only one word - bread or motorcycle and not acorn. Which is more similar in semantic meaning to acorn?,bread
acorn|brussels sprouts|candy,Answer using only one word - brussels sprouts or candy and not acorn. Which is more similar in semantic meaning to acorn?,Candy
acorn|brussels sprouts|cat,Answer using only one word - brussels sprouts or cat and not acorn. Which is more similar in semantic meaning to acorn?,brussels
acorn|brussels sprouts|chisel,Answer using only one word - brussels sprouts or chisel and not acorn. Which is more similar in semantic meaning to acorn?,Brussels
acorn|brussels sprouts|crowbar,Answer using only one word - brussels sprouts or crowbar and not acorn. Which is more similar in semantic meaning to acorn?,Brussels
acorn|brussels sprouts|fig,Answer using only one word - brussels sprouts or fig and not acorn. Which is more similar in semantic meaning to acorn?,fig
acorn|brussels sprouts|jeans,Answer using only one word - brussels sprouts or jeans and not acorn. Which is more similar in semantic meaning to acorn?,Brussels
acorn|bucket|candle,Answer using only one word - bucket or candle and not acorn. Which is more similar in semantic meaning to acorn?,candle
acorn|bucket|cart,Answer using only one word - bucket or cart and not acorn. Which is more similar in semantic meaning to acorn?,bucket
acorn|bucket|chinchilla,Answer using only one word - bucket or chinchilla and not acorn. Which is more similar in semantic meaning to acorn?,chinchilla
acorn|bucket|crow,Answer using only one word - bucket or crow and not acorn. Which is more similar in semantic meaning to acorn?,crow
acorn|bucket|eggbeater,Answer using only one word - bucket or eggbeater and not acorn. Which is more similar in semantic meaning to acorn?,Eggbeater
acorn|bucket|grenade,Answer using only one word - bucket or grenade and not acorn. Which is more similar in semantic meaning to acorn?,bucket
acorn|burrito|candle,Answer using only one word - burrito or candle and not acorn. Which is more similar in semantic meaning to acorn?,burrito
acorn|burrito|cart,Answer using only one word - burrito or cart and not acorn. Which is more similar in semantic meaning to acorn?,burrito
acorn|burrito|chinchilla,Answer using only one word - burrito or chinchilla and not acorn. Which is more similar in semantic meaning to acorn?,burrito
acorn|burrito|crow,Answer using only one word - burrito or crow and not acorn. Which is more similar in semantic meaning to acorn?,burrito
acorn|burrito|eggbeater,Answer using only one word - burrito or eggbeater and not acorn. Which is more similar in semantic meaning to acorn?,burrito
acorn|burrito|grenade,Answer using only one word - burrito or grenade and not acorn. Which is more similar in semantic meaning to acorn?,burrito
acorn|cactus|candy,Answer using only one word - cactus or candy and not acorn. Which is more similar in semantic meaning to acorn?,cactus
acorn|cactus|cat,Answer using only one word - cactus or cat and not acorn. Which is more similar in semantic meaning to acorn?,cactus
acorn|cactus|chisel,Answer using only one word - cactus or chisel and not acorn. Which is more similar in semantic meaning to acorn?,cactus
acorn|cactus|crowbar,Answer using only one word - cactus or crowbar and not acorn. Which is more similar in semantic meaning to acorn?,cactus
acorn|cactus|fig,Answer using only one word - cactus or fig and not acorn. Which is more similar in semantic meaning to acorn?,fig
acorn|cactus|jeans,Answer using only one word - cactus or jeans and not acorn. Which is more similar in semantic meaning to acorn?,cactus
acorn|candle|car,Answer using only one word - candle or car and not acorn. Which is more similar in semantic meaning to acorn?,candle
acorn|candle|celery,Answer using only one word - candle or celery and not acorn. Which is more similar in semantic meaning to acorn?,candle
acorn|candle|coat,Answer using only one word - candle or coat and not acorn. Which is more similar in semantic meaning to acorn?,Candle
acorn|candle|dress,Answer using only one word - candle or dress and not acorn. Which is more similar in semantic meaning to acorn?,candle
acorn|candle|flute,Answer using only one word - candle or flute and not acorn. Which is more similar in semantic meaning to acorn?,candle
acorn|candle|motorcycle,Answer using only one word - candle or motorcycle and not acorn. Which is more similar in semantic meaning to acorn?,candle
acorn|candy|cat,Answer using only one word - candy or cat and not acorn. Which is more similar in semantic meaning to acorn?,candy
acorn|candy|chisel,Answer using only one word - candy or chisel and not acorn. Which is more similar in semantic meaning to acorn?,candy
acorn|candy|crowbar,Answer using only one word - candy or crowbar and not acorn. Which is more similar in semantic meaning to acorn?,candy
acorn|candy|fig,Answer using only one word - candy or fig and not acorn. Which is more similar in semantic meaning to acorn?,fig
acorn|candy|jeans,Answer using only one word - candy or jeans and not acorn. Which is more similar in semantic meaning to acorn?,candy
acorn|cannon|cart,Answer using only one word - cannon or cart and not acorn. Which is more similar in semantic meaning to acorn?,cannon
acorn|cannon|chinchilla,Answer using only one word - cannon or chinchilla and not acorn. Which is more similar in semantic meaning to acorn?,Chinchilla
acorn|cannon|crow,Answer using only one word - cannon or crow and not acorn. Which is more similar in semantic meaning to acorn?,cannon
acorn|cannon|eggbeater,Answer using only one word - cannon or eggbeater and not acorn. Which is more similar in semantic meaning to acorn?,cannon
acorn|cannon|grenade,Answer using only one word - cannon or grenade and not acorn. Which is more similar in semantic meaning to acorn?,cannon
acorn|car|cart,Answer using only one word - car or cart and not acorn. Which is more similar in semantic meaning to acorn?,cart
acorn|car|chinchilla,Answer using only one word - car or chinchilla and not acorn. Which is more similar in semantic meaning to acorn?,chinchilla
acorn|car|crow,Answer using only one word - car or crow and not acorn. Which is more similar in semantic meaning to acorn?,car
acorn|car|eggbeater,Answer using only one word - car or eggbeater and not acorn. Which is more similar in semantic meaning to acorn?,car
acorn|car|grenade,Answer using only one word - car or grenade and not acorn. Which is more similar in semantic meaning to acorn?,car
acorn|carrot|cat,Answer using only one word - carrot or cat and not acorn. Which is more similar in semantic meaning to acorn?,acorn
acorn|carrot|chisel,Answer using only one word - carrot or chisel and not acorn. Which is more similar in semantic meaning to acorn?,carrot
acorn|carrot|crowbar,Answer using only one word - carrot or crowbar and not acorn. Which is more similar in semantic meaning to acorn?,carrot
acorn|carrot|fig,Answer using only one word - carrot or fig and not acorn. Which is more similar in semantic meaning to acorn?,fig
acorn|carrot|jeans,Answer using only one word - carrot or jeans and not acorn. Which is more similar in semantic meaning to acorn?,carrot
acorn|cart|celery,Answer using only one word - cart or celery and not acorn. Which is more similar in semantic meaning to acorn?,celery
acorn|cart|coat,Answer using only one word - cart or coat and not acorn. Which is more similar in semantic meaning to acorn?,coat
acorn|cart|dress,Answer using only one word - cart or dress and not acorn. Which is more similar in semantic meaning to acorn?,Dress
acorn|cart|flute,Answer using only one word - cart or flute and not acorn. Which is more similar in semantic meaning to acorn?,Flute
acorn|cart|motorcycle,Answer using only one word - cart or motorcycle and not acorn. Which is more similar in semantic meaning to acorn?,cart
acorn|cat|chisel,Answer using only one word - cat or chisel and not acorn. Which is more similar in semantic meaning to acorn?,chisel
acorn|cat|crowbar,Answer using only one word - cat or crowbar and not acorn. Which is more similar in semantic meaning to acorn?,cat
acorn|cat|fig,Answer using only one word - cat or fig and not acorn. Which is more similar in semantic meaning to acorn?,fig
acorn|cat|jeans,Answer using only one word - cat or jeans and not acorn. Which is more similar in semantic meaning to acorn?,cat
acorn|caterpillar|chinchilla,Answer using only one word - caterpillar or chinchilla and not acorn. Which is more similar in semantic meaning to acorn?,caterpillar
acorn|caterpillar|crow,Answer using only one word - caterpillar or crow and not acorn. Which is more similar in semantic meaning to acorn?,caterpillar
acorn|caterpillar|eggbeater,Answer using only one word - caterpillar or eggbeater and not acorn. Which is more similar in semantic meaning to acorn?,caterpillar
acorn|caterpillar|grenade,Answer using only one word - caterpillar or grenade and not acorn. Which is more similar in semantic meaning to acorn?,caterpillar
acorn|celery|chinchilla,Answer using only one word - celery or chinchilla and not acorn. Which is more similar in semantic meaning to acorn?,celery
acorn|celery|crow,Answer using only one word - celery or crow and not acorn. Which is more similar in semantic meaning to acorn?,Celery
acorn|celery|eggbeater,Answer using only one word - celery or eggbeater and not acorn. Which is more similar in semantic meaning to acorn?,Celery
acorn|celery|grenade,Answer using only one word - celery or grenade and not acorn. Which is more similar in semantic meaning to acorn?,celery
acorn|chili|chisel,Answer using only one word - chili or chisel and not acorn. Which is more similar in semantic meaning to acorn?,Chili
acorn|chili|crowbar,Answer using only one word - chili or crowbar and not acorn. Which is more similar in semantic meaning to acorn?,Chili
acorn|chili|fig,Answer using only one word - chili or fig and not acorn. Which is more similar in semantic meaning to acorn?,fig
acorn|chili|jeans,Answer using only one word - chili or jeans and not acorn. Which is more similar in semantic meaning to acorn?,chili
acorn|chinchilla|coat,Answer using only one word - chinchilla or coat and not acorn. Which is more similar in semantic meaning to acorn?,coat
acorn|chinchilla|dress,Answer using only one word - chinchilla or dress and not acorn. Which is more similar in semantic meaning to acorn?,Chinchilla
acorn|chinchilla|flute,Answer using only one word - chinchilla or flute and not acorn. Which is more similar in semantic meaning to acorn?,Chinchilla
acorn|chinchilla|motorcycle,Answer using only one word - chinchilla or motorcycle and not acorn. Which is more similar in semantic meaning to acorn?,Chinchilla
acorn|chisel|crowbar,Answer using only one word - chisel or crowbar and not acorn. Which is more similar in semantic meaning to acorn?,Chisel
acorn|chisel|fig,Answer using only one word - chisel or fig and not acorn. Which is more similar in semantic meaning to acorn?,Fig
acorn|chisel|jeans,Answer using only one word - chisel or jeans and not acorn. Which is more similar in semantic meaning to acorn?,Chisel
acorn|clarinet|crow,Answer using only one word - clarinet or crow and not acorn. Which is more similar in semantic meaning to acorn?,Crow
acorn|clarinet|eggbeater,Answer using only one word - clarinet or eggbeater and not acorn. Which is more similar in semantic meaning to acorn?,Clarinet
acorn|clarinet|grenade,Answer using only one word - clarinet or grenade and not acorn. Which is more similar in semantic meaning to acorn?,Clarinet
acorn|coat|crow,Answer using only one word - coat or crow and not acorn. Which is more similar in semantic meaning to acorn?,coat
acorn|coat|eggbeater,Answer using only one word - coat or eggbeater and not acorn. Which is more similar in semantic meaning to acorn?,coat
acorn|coat|grenade,Answer using only one word - coat or grenade and not acorn. Which is more similar in semantic meaning to acorn?,coat
acorn|coconut|crowbar,Answer using only one word - coconut or crowbar and not acorn. Which is more similar in semantic meaning to acorn?,Coconut
acorn|coconut|fig,Answer using only one word - coconut or fig and not acorn. Which is more similar in semantic meaning to acorn?,fig
acorn|coconut|jeans,Answer using only one word - coconut or jeans and not acorn. Which is more similar in semantic meaning to acorn?,Coconut
acorn|crow|dress,Answer using only one word - crow or dress and not acorn. Which is more similar in semantic meaning to acorn?,Crow
acorn|crow|flute,Answer using only one word - crow or flute and not acorn. Which is more similar in semantic meaning to acorn?,crow
acorn|crow|motorcycle,Answer using only one word - crow or motorcycle and not acorn. Which is more similar in semantic meaning to acorn?,crow
acorn|crowbar|fig,Answer using only one word - crowbar or fig and not acorn. Which is more similar in semantic meaning to acorn?,crowbar
acorn|crowbar|jeans,Answer using only one word - crowbar or jeans and not acorn. Which is more similar in semantic meaning to acorn?,crowbar
acorn|dragonfly|eggbeater,Answer using only one word - dragonfly or eggbeater and not acorn. Which is more similar in semantic meaning to acorn?,dragonfly
acorn|dragonfly|grenade,Answer using only one word - dragonfly or grenade and not acorn. Which is more similar in semantic meaning to acorn?,dragonfly
acorn|dress|eggbeater,Answer using only one word - dress or eggbeater and not acorn. Which is more similar in semantic meaning to acorn?,dress
acorn|dress|grenade,Answer using only one word - dress or grenade and not acorn. Which is more similar in semantic meaning to acorn?,dress
acorn|eagle|fig,Answer using only one word - eagle or fig and not acorn. Which is more similar in semantic meaning to acorn?,eagle
acorn|eagle|jeans,Answer using only one word - eagle or jeans and not acorn. Which is more similar in semantic meaning to acorn?,eagle
acorn|eggbeater|flute,Answer using only one word - eggbeater or flute and not acorn. Which is more similar in semantic meaning to acorn?,Flute
acorn|eggbeater|motorcycle,Answer using only one word - eggbeater or motorcycle and not acorn. Which is more similar in semantic meaning to acorn?,Eggbeater
acorn|fig|jeans,Answer using only one word - fig or jeans and not acorn. Which is more similar in semantic meaning to acorn?,fig
acorn|file|grenade,Answer using only one word - file or grenade and not acorn. Which is more similar in semantic meaning to acorn?,file
acorn|flute|grenade,Answer using only one word - flute or grenade and not acorn. Which is more similar in semantic meaning to acorn?,flute
acorn|fly|jeans,Answer using only one word - fly or jeans and not acorn. Which is more similar in semantic meaning to acorn?,fly
acorn|grenade|motorcycle,Answer using only one word - grenade or motorcycle and not acorn. Which is more similar in semantic meaning to acorn?,Grenade
airplane|aloe|anteater,Answer using only one word - aloe or anteater and not airplane. Which is more similar in semantic meaning to airplane?,Aloe
airplane|aloe|banana,Answer using only one word - aloe or banana and not airplane. Which is more similar in semantic meaning to airplane?,banana
airplane|aloe|bed,Answer using only one word - aloe or bed and not airplane. Which is more similar in semantic meaning to airplane?,bed
airplane|aloe|bird,Answer using only one word - aloe or bird and not airplane. Which is more similar in semantic meaning to airplane?,bird
airplane|aloe|boar,Answer using only one word - aloe or boar and not airplane. Which is more similar in semantic meaning to airplane?,boar
airplane|aloe|cactus,Answer using only one word - aloe or cactus and not airplane. Which is more similar in semantic meaning to airplane?,cactus
airplane|aloe|carrot,Answer using only one word - aloe or carrot and not airplane. Which is more similar in semantic meaning to airplane?,carrot
airplane|aloe|chili,Answer using only one word - aloe or chili and not airplane. Which is more similar in semantic meaning to airplane?,chili
airplane|aloe|coconut,Answer using only one word - aloe or coconut and not airplane. Which is more similar in semantic meaning to airplane?,coconut
airplane|aloe|eagle,Answer using only one word - aloe or eagle and not airplane. Which is more similar in semantic meaning to airplane?,eagle
airplane|aloe|fly,Answer using only one word - aloe or fly and not airplane. Which is more similar in semantic meaning to airplane?,fly
airplane|ant|anteater,Answer using only one word - ant or anteater and not airplane. Which is more similar in semantic meaning to airplane?,anteater
airplane|ant|banana,Answer using only one word - ant or banana and not airplane. Which is more similar in semantic meaning to airplane?,banana
airplane|ant|bed,Answer using only one word - ant or bed and not airplane. Which is more similar in semantic meaning to airplane?,bed
airplane|ant|bird,Answer using only one word - ant or bird and not airplane. Which is more similar in semantic meaning to airplane?,bird
airplane|ant|boar,Answer using only one word - ant or boar and not airplane. Which is more similar in semantic meaning to airplane?,boar
airplane|ant|cactus,Answer using only one word - ant or cactus and not airplane. Which is more similar in semantic meaning to airplane?,cactus
airplane|ant|carrot,Answer using only one word - ant or carrot and not airplane. Which is more similar in semantic meaning to airplane?,carrot
airplane|ant|chili,Answer using only one word - ant or chili and not airplane. Which is more similar in semantic meaning to airplane?,chili
airplane|ant|coconut,Answer using only one word - ant or coconut and not airplane. Which is more similar in semantic meaning to airplane?,coconut
airplane|ant|eagle,Answer using only one word - ant or eagle and not airplane. Which is more similar in semantic meaning to airplane?,eagle
airplane|ant|fly,Answer using only one word - ant or fly and not airplane. Which is more similar in semantic meaning to airplane?,fly
airplane|anteater|anvil,Answer using only one word - anteater or anvil and not airplane. Which is more similar in semantic meaning to airplane?,Anvil
airplane|anteater|banjo,Answer using only one word - anteater or banjo and not airplane. Which is more similar in semantic meaning to airplane?,banjo
airplane|anteater|beet,Answer using only one word - anteater or beet and not airplane. Which is more similar in semantic meaning to airplane?,beet
airplane|anteater|blender,Answer using only one word - anteater or blender and not airplane. Which is more similar in semantic meaning to airplane?,blender
airplane|anteater|bread,Answer using only one word - anteater or bread and not airplane. Which is more similar in semantic meaning to airplane?,anteater
airplane|anteater|candle,Answer using only one word - anteater or candle and not airplane. Which is more similar in semantic meaning to airplane?,candle
airplane|anteater|cart,Answer using only one word - anteater or cart and not airplane. Which is more similar in semantic meaning to airplane?,cart
airplane|anteater|chinchilla,Answer using only one word - anteater or chinchilla and not airplane. Which is more similar in semantic meaning to airplane?,Anteater
airplane|anteater|crow,Answer using only one word - anteater or crow and not airplane. Which is more similar in semantic meaning to airplane?,crow
airplane|anteater|eggbeater,Answer using only one word - anteater or eggbeater and not airplane. Which is more similar in semantic meaning to airplane?,eggbeater
airplane|anteater|grenade,Answer using only one word - anteater or grenade and not airplane. Which is more similar in semantic meaning to airplane?,grenade
airplane|anvil|artichoke,Answer using only one word - anvil or artichoke and not airplane. Which is more similar in semantic meaning to airplane?,anvil
airplane|anvil|bat,Answer using only one word - anvil or bat and not airplane. Which is more similar in semantic meaning to airplane?,anvil
airplane|anvil|bell,Answer using only one word - anvil or bell and not airplane. Which is more similar in semantic meaning to airplane?,Anvil
airplane|anvil|blueberry,Answer using only one word - anvil or blueberry and not airplane. Which is more similar in semantic meaning to airplane?,anvil
airplane|anvil|bucket,Answer using only one word - anvil or bucket and not airplane. Which is more similar in semantic meaning to airplane?,anvil
airplane|anvil|cannon,Answer using only one word - anvil or cannon and not airplane. Which is more similar in semantic meaning to airplane?,cannon
airplane|anvil|caterpillar,Answer using only one word - anvil or caterpillar and not airplane. Which is more similar in semantic meaning to airplane?,caterpillar
airplane|anvil|clarinet,Answer using only one word - anvil or clarinet and not airplane. Which is more similar in semantic meaning to airplane?,Anvil
airplane|anvil|dragonfly,Answer using only one word - anvil or dragonfly and not airplane. Which is more similar in semantic meaning to airplane?,Anvil
airplane|anvil|file,Answer using only one word - anvil or file and not airplane. Which is more similar in semantic meaning to airplane?,Anvil
airplane|anvil|missile,Answer using only one word - anvil or missile and not airplane. Which is more similar in semantic meaning to airplane?,missile
airplane|apple|banjo,Answer using only one word - apple or banjo and not airplane. Which is more similar in semantic meaning to airplane?,banjo
airplane|apple|beet,Answer using only one word - apple or beet and not airplane. Which is more similar in semantic meaning to airplane?,beet
airplane|apple|blender,Answer using only one word - apple or blender and not airplane. Which is more similar in semantic meaning to airplane?,blender
airplane|apple|bread,Answer using only one word - apple or bread and not airplane. Which is more similar in semantic meaning to airplane?,apple
airplane|apple|candle,Answer using only one word - apple or candle and not airplane. Which is more similar in semantic meaning to airplane?,candle
airplane|apple|cart,Answer using only one word - apple or cart and not airplane. Which is more similar in semantic meaning to airplane?,cart
airplane|apple|chinchilla,Answer using only one word - apple or chinchilla and not airplane. Which is more similar in semantic meaning to airplane?,chinchilla
airplane|apple|crow,Answer using only one word - apple or crow and not airplane. Which is more similar in semantic meaning to airplane?,crow
airplane|apple|eggbeater,Answer using only one word - apple or eggbeater and not airplane. Which is more similar in semantic meaning to airplane?,eggbeater
airplane|apple|grenade,Answer using only one word - apple or grenade and not airplane. Which is more similar in semantic meaning to airplane?,grenade
airplane|artichoke|banana,Answer using only one word - artichoke or banana and not airplane. Which is more similar in semantic meaning to airplane?,banana
airplane|artichoke|bed,Answer using only one word - artichoke or bed and not airplane. Which is more similar in semantic meaning to airplane?,bed
airplane|artichoke|bird,Answer using only one word - artichoke or bird and not airplane. Which is more similar in semantic meaning to airplane?,bird
airplane|artichoke|boar,Answer using only one word - artichoke or boar and not airplane. Which is more similar in semantic meaning to airplane?,boar
airplane|artichoke|cactus,Answer using only one word - artichoke or cactus and not airplane. Which is more similar in semantic meaning to airplane?,cactus
airplane|artichoke|carrot,Answer using only one word - artichoke or carrot and not airplane. Which is more similar in semantic meaning to airplane?,carrot
airplane|artichoke|chili,Answer using only one word - artichoke or chili and not airplane. Which is more similar in semantic meaning to airplane?,chili
airplane|artichoke|coconut,Answer using only one word - artichoke or coconut and not airplane. Which is more similar in semantic meaning to airplane?,coconut
airplane|artichoke|eagle,Answer using only one word - artichoke or eagle and not airplane. Which is more similar in semantic meaning to airplane?,eagle
airplane|artichoke|fly,Answer using only one word - artichoke or fly and not airplane. Which is more similar in semantic meaning to airplane?,fly
airplane|bagel|banana,Answer using only one word - bagel or banana and not airplane. Which is more similar in semantic meaning to airplane?,bagel
airplane|bagel|bed,Answer using only one word - bagel or bed and not airplane. Which is more similar in semantic meaning to airplane?,bagel
airplane|bagel|bird,Answer using only one word - bagel or bird and not airplane. Which is more similar in semantic meaning to airplane?,bird
airplane|bagel|boar,Answer using only one word - bagel or boar and not airplane. Which is more similar in semantic meaning to airplane?,boar
airplane|bagel|cactus,Answer using only one word - bagel or cactus and not airplane. Which is more similar in semantic meaning to airplane?,cactus
airplane|bagel|carrot,Answer using only one word - bagel or carrot and not airplane. Which is more similar in semantic meaning to airplane?,bagel
airplane|bagel|chili,Answer using only one word - bagel or chili and not airplane. Which is more similar in semantic meaning to airplane?,chili
airplane|bagel|coconut,Answer using only one word - bagel or coconut and not airplane. Which is more similar in semantic meaning to airplane?,bagel
airplane|bagel|eagle,Answer using only one word - bagel or eagle and not airplane. Which is more similar in semantic meaning to airplane?,eagle
airplane|bagel|fly,Answer using only one word - bagel or fly and not airplane. Which is more similar in semantic meaning to airplane?,fly
airplane|banana|banjo,Answer using only one word - banana or banjo and not airplane. Which is more similar in semantic meaning to airplane?,banana
airplane|banana|beet,Answer using only one word - banana or beet and not airplane. Which is more similar in semantic meaning to airplane?,banana
airplane|banana|blender,Answer using only one word - banana or blender and not airplane. Which is more similar in semantic meaning to airplane?,blender
airplane|banana|bread,Answer using only one word - banana or bread and not airplane. Which is more similar in semantic meaning to airplane?,banana
airplane|banana|candle,Answer using only one word - banana or candle and not airplane. Which is more similar in semantic meaning to airplane?,candle
airplane|banana|cart,Answer using only one word - banana or cart and not airplane. Which is more similar in semantic meaning to airplane?,cart
airplane|banana|chinchilla,Answer using only one word - banana or chinchilla and not airplane. Which is more similar in semantic meaning to airplane?,chinchilla
airplane|banana|crow,Answer using only one word - banana or crow and not airplane. Which is more similar in semantic meaning to airplane?,crow
airplane|banana|eggbeater,Answer using only one word - banana or eggbeater and not airplane. Which is more similar in semantic meaning to airplane?,eggbeater
airplane|banana|grenade,Answer using only one word - banana or grenade and not airplane. Which is more similar in semantic meaning to airplane?,banana
airplane|banjo|bat,Answer using only one word - banjo or bat and not airplane. Which is more similar in semantic meaning to airplane?,bat
airplane|banjo|bell,Answer using only one word - banjo or bell and not airplane. Which is more similar in semantic meaning to airplane?,bell
airplane|banjo|blueberry,Answer using only one word - banjo or blueberry and not airplane. Which is more similar in semantic meaning to airplane?,blueberry
airplane|banjo|bucket,Answer using only one word - banjo or bucket and not airplane. Which is more similar in semantic meaning to airplane?,bucket
airplane|banjo|cannon,Answer using only one word - banjo or cannon and not airplane. Which is more similar in semantic meaning to airplane?,cannon
airplane|banjo|caterpillar,Answer using only one word - banjo or caterpillar and not airplane. Which is more similar in semantic meaning to airplane?,caterpillar
airplane|banjo|clarinet,Answer using only one word - banjo or clarinet and not airplane. Which is more similar in semantic meaning to airplane?,clarinet
airplane|banjo|dragonfly,Answer using only one word - banjo or dragonfly and not airplane. Which is more similar in semantic meaning to airplane?,dragonfly
airplane|banjo|file,Answer using only one word - banjo or file and not airplane. Which is more similar in semantic meaning to airplane?,file
airplane|banjo|missile,Answer using only one word - banjo or missile and not airplane. Which is more similar in semantic meaning to airplane?,missile
airplane|barrel|beet,Answer using only one word - barrel or beet and not airplane. Which is more similar in semantic meaning to airplane?,barrel
airplane|barrel|blender,Answer using only one word - barrel or blender and not airplane. Which is more similar in semantic meaning to airplane?,barrel
airplane|barrel|bread,Answer using only one word - barrel or bread and not airplane. Which is more similar in semantic meaning to airplane?,barrel
airplane|barrel|candle,Answer using only one word - barrel or candle and not airplane. Which is more similar in semantic meaning to airplane?,barrel
airplane|barrel|cart,Answer using only one word - barrel or cart and not airplane. Which is more similar in semantic meaning to airplane?,barrel
airplane|barrel|chinchilla,Answer using only one word - barrel or chinchilla and not airplane. Which is more similar in semantic meaning to airplane?,barrel
airplane|barrel|crow,Answer using only one word - barrel or crow and not airplane. Which is more similar in semantic meaning to airplane?,barrel
airplane|barrel|eggbeater,Answer using only one word - barrel or eggbeater and not airplane. Which is more similar in semantic meaning to airplane?,barrel
airplane|barrel|grenade,Answer using only one word - barrel or grenade and not airplane. Which is more similar in semantic meaning to airplane?,barrel
airplane|bat|bed,Answer using only one word - bat or bed and not airplane. Which is more similar in semantic meaning to airplane?,bat
airplane|bat|bird,Answer using only one word - bat or bird and not airplane. Which is more similar in semantic meaning to airplane?,bird
airplane|bat|boar,Answer using only one word - bat or boar and not airplane. Which is more similar in semantic meaning to airplane?,boar
airplane|bat|cactus,Answer using only one word - bat or cactus and not airplane. Which is more similar in semantic meaning to airplane?,bat
airplane|bat|carrot,Answer using only one word - bat or carrot and not airplane. Which is more similar in semantic meaning to airplane?,bat
airplane|bat|chili,Answer using only one word - bat or chili and not airplane. Which is more similar in semantic meaning to airplane?,chili
airplane|bat|coconut,Answer using only one word - bat or coconut and not airplane. Which is more similar in semantic meaning to airplane?,bat
airplane|bat|eagle,Answer using only one word - bat or eagle and not airplane. Which is more similar in semantic meaning to airplane?,eagle
airplane|bat|fly,Answer using only one word - bat or fly and not airplane. Which is more similar in semantic meaning to airplane?,fly
airplane|beaver|bed,Answer using only one word - beaver or bed and not airplane. Which is more similar in semantic meaning to airplane?,beaver
airplane|beaver|bird,Answer using only one word - beaver or bird and not airplane. Which is more similar in semantic meaning to airplane?,bird
airplane|beaver|boar,Answer using only one word - beaver or boar and not airplane. Which is more similar in semantic meaning to airplane?,beaver
airplane|beaver|cactus,Answer using only one word - beaver or cactus and not airplane. Which is more similar in semantic meaning to airplane?,beaver
airplane|beaver|carrot,Answer using only one word - beaver or carrot and not airplane. Which is more similar in semantic meaning to airplane?,beaver
airplane|beaver|chili,Answer using only one word - beaver or chili and not airplane. Which is more similar in semantic meaning to airplane?,beaver
airplane|beaver|coconut,Answer using only one word - beaver or coconut and not airplane. Which is more similar in semantic meaning to airplane?,coconut
airplane|beaver|eagle,Answer using only one word - beaver or eagle and not airplane. Which is more similar in semantic meaning to airplane?,eagle
airplane|beaver|fly,Answer using only one word - beaver or fly and not airplane. Which is more similar in semantic meaning to airplane?,fly
airplane|bed|beet,Answer using only one word - bed or beet and not airplane. Which is more similar in semantic meaning to airplane?,bed
airplane|bed|blender,Answer using only one word - bed or blender and not airplane. Which is more similar in semantic meaning to airplane?,blender
airplane|bed|bread,Answer using only one word - bed or bread and not airplane. Which is more similar in semantic meaning to airplane?,bread
airplane|bed|candle,Answer using only one word - bed or candle and not airplane. Which is more similar in semantic meaning to airplane?,candle
airplane|bed|cart,Answer using only one word - bed or cart and not airplane. Which is more similar in semantic meaning to airplane?,cart
airplane|bed|chinchilla,Answer using only one word - bed or chinchilla and not airplane. Which is more similar in semantic meaning to airplane?,chinchilla
airplane|bed|crow,Answer using only one word - bed or crow and not airplane. Which is more similar in semantic meaning to airplane?,crow
airplane|bed|eggbeater,Answer using only one word - bed or eggbeater and not airplane. Which is more similar in semantic meaning to airplane?,eggbeater
airplane|bed|grenade,Answer using only one word - bed or grenade and not airplane. Which is more similar in semantic meaning to airplane?,bed
airplane|beet|bell,Answer using only one word - beet or bell and not airplane. Which is more similar in semantic meaning to airplane?,bell
airplane|beet|blueberry,Answer using only one word - beet or blueberry and not airplane. Which is more similar in semantic meaning to airplane?,beet
airplane|beet|bucket,Answer using only one word - beet or bucket and not airplane. Which is more similar in semantic meaning to airplane?,bucket
airplane|beet|cannon,Answer using only one word - beet or cannon and not airplane. Which is more similar in semantic meaning to airplane?,cannon
airplane|beet|caterpillar,Answer using only one word - beet or caterpillar and not airplane. Which is more similar in semantic meaning to airplane?,caterpillar
airplane|beet|clarinet,Answer using only one word - beet or clarinet and not airplane. Which is more similar in semantic meaning to airplane?,clarinet
airplane|beet|dragonfly,Answer using only one word - beet or dragonfly and not airplane. Which is more similar in semantic meaning to airplane?,dragonfly
airplane|beet|file,Answer using only one word - beet or file and not airplane. Which is more similar in semantic meaning to airplane?,file
airplane|beet|missile,Answer using only one word - beet or missile and not airplane. Which is more similar in semantic meaning to airplane?,missile
airplane|beetle|blender,Answer using only one word - beetle or blender and not airplane. Which is more similar in semantic meaning to airplane?,blender
airplane|beetle|bread,Answer using only one word - beetle or bread and not airplane. Which is more similar in semantic meaning to airplane?,beetle
airplane|beetle|candle,Answer using only one word - beetle or candle and not airplane. Which is more similar in semantic meaning to airplane?,beetle
airplane|beetle|cart,Answer using only one word - beetle or cart and not airplane. Which is more similar in semantic meaning to airplane?,cart
airplane|beetle|chinchilla,Answer using only one word - beetle or chinchilla and not airplane. Which is more similar in semantic meaning to airplane?,beetle
airplane|beetle|crow,Answer using only one word - beetle or crow and not airplane. Which is more similar in semantic meaning to airplane?,beetle
airplane|beetle|eggbeater,Answer using only one word - beetle or eggbeater and not airplane. Which is more similar in semantic meaning to airplane?,beetle
airplane|beetle|grenade,Answer using only one word - beetle or grenade and not airplane. Which is more similar in semantic meaning to airplane?,beetle
airplane|bell|bird,Answer using only one word - bell or bird and not airplane. Which is more similar in semantic meaning to airplane?,bird
airplane|bell|boar,Answer using only one word - bell or boar and not airplane. Which is more similar in semantic meaning to airplane?,boar
airplane|bell|cactus,Answer using only one word - bell or cactus and not airplane. Which is more similar in semantic meaning to airplane?,cactus
airplane|bell|carrot,Answer using only one word - bell or carrot and not airplane. Which is more similar in semantic meaning to airplane?,carrot
airplane|bell|chili,Answer using only one word - bell or chili and not airplane. Which is more similar in semantic meaning to airplane?,chili
airplane|bell|coconut,Answer using only one word - bell or coconut and not airplane. Which is more similar in semantic meaning to airplane?,coconut
airplane|bell|eagle,Answer using only one word - bell or eagle and not airplane. Which is more similar in semantic meaning to airplane?,eagle
airplane|bell|fly,Answer using only one word - bell or fly and not airplane. Which is more similar in semantic meaning to airplane?,fly
airplane|belt|bird,Answer using only one word - belt or bird and not airplane. Which is more similar in semantic meaning to airplane?,bird
airplane|belt|boar,Answer using only one word - belt or boar and not airplane. Which is more similar in semantic meaning to airplane?,belt
airplane|belt|cactus,Answer using only one word - belt or cactus and not airplane. Which is more similar in semantic meaning to airplane?,belt
airplane|belt|carrot,Answer using only one word - belt or carrot and not airplane. Which is more similar in semantic meaning to airplane?,carrot
airplane|belt|chili,Answer using only one word - belt or chili and not airplane. Which is more similar in semantic meaning to airplane?,belt
airplane|belt|coconut,Answer using only one word - belt or coconut and not airplane. Which is more similar in semantic meaning to airplane?,belt
airplane|belt|eagle,Answer using only one word - belt or eagle and not airplane. Which is more similar in semantic meaning to airplane?,eagle
airplane|belt|fly,Answer using only one word - belt or fly and not airplane. Which is more similar in semantic meaning to airplane?,fly
airplane|bird|blender,Answer using only one word - bird or blender and not airplane. Which is more similar in semantic meaning to airplane?,bird
airplane|bird|bread,Answer using only one word - bird or bread and not airplane. Which is more similar in semantic meaning to airplane?,bird
airplane|bird|candle,Answer using only one word - bird or candle and not airplane. Which is more similar in semantic meaning to airplane?,bird
airplane|bird|cart,Answer using only one word - bird or cart and not airplane. Which is more similar in semantic meaning to airplane?,bird
airplane|bird|chinchilla,Answer using only one word - bird or chinchilla and not airplane. Which is more similar in semantic meaning to airplane?,bird
airplane|bird|crow,Answer using only one word - bird or crow and not airplane. Which is more similar in semantic meaning to airplane?,bird
airplane|bird|eggbeater,Answer using only one word - bird or eggbeater and not airplane. Which is more similar in semantic meaning to airplane?,bird
airplane|bird|grenade,Answer using only one word - bird or grenade and not airplane. Which is more similar in semantic meaning to airplane?,bird
airplane|blender|blueberry,Answer using only one word - blender or blueberry and not airplane. Which is more similar in semantic meaning to airplane?,blender
airplane|blender|bucket,Answer using only one word - blender or bucket and not airplane. Which is more similar in semantic meaning to airplane?,bucket
airplane|blender|cannon,Answer using only one word - blender or cannon and not airplane. Which is more similar in semantic meaning to airplane?,blender
airplane|blender|caterpillar,Answer using only one word - blender or caterpillar and not airplane. Which is more similar in semantic meaning to airplane?,caterpillar
airplane|blender|clarinet,Answer using only one word - blender or clarinet and not airplane. Which is more similar in semantic meaning to airplane?,blender
airplane|blender|dragonfly,Answer using only one word - blender or dragonfly and not airplane. Which is more similar in semantic meaning to airplane?,blender
airplane|blender|file,Answer using only one word - blender or file and not airplane. Which is more similar in semantic meaning to airplane?,file
airplane|blender|missile,Answer using only one word - blender or missile and not airplane. Which is more similar in semantic meaning to airplane?,missile
airplane|blowtorch|bread,Answer using only one word - blowtorch or bread and not airplane. Which is more similar in semantic meaning to airplane?,blowtorch
airplane|blowtorch|candle,Answer using only one word - blowtorch or candle and not airplane. Which is more similar in semantic meaning to airplane?,blowtorch
airplane|blowtorch|cart,Answer using only one word - blowtorch or cart and not airplane. Which is more similar in semantic meaning to airplane?,cart
airplane|blowtorch|chinchilla,Answer using only one word - blowtorch or chinchilla and not airplane. Which is more similar in semantic meaning to airplane?,chinchilla
airplane|blowtorch|crow,Answer using only one word - blowtorch or crow and not airplane. Which is more similar in semantic meaning to airplane?,crow
airplane|blowtorch|eggbeater,Answer using only one word - blowtorch or eggbeater and not airplane. Which is more similar in semantic meaning to airplane?,blowtorch
airplane|blowtorch|grenade,Answer using only one word - blowtorch or grenade and not airplane. Which is more similar in semantic meaning to airplane?,grenade
airplane|blueberry|boar,Answer using only one word - blueberry or boar and not airplane. Which is more similar in semantic meaning to airplane?,boar
airplane|blueberry|cactus,Answer using only one word - blueberry or cactus and not airplane. Which is more similar in semantic meaning to airplane?,cactus
airplane|blueberry|carrot,Answer using only one word - blueberry or carrot and not airplane. Which is more similar in semantic meaning to airplane?,carrot
airplane|blueberry|chili,Answer using only one word - blueberry or chili and not airplane. Which is more similar in semantic meaning to airplane?,chili
airplane|blueberry|coconut,Answer using only one word - blueberry or coconut and not airplane. Which is more similar in semantic meaning to airplane?,coconut
airplane|blueberry|eagle,Answer using only one word - blueberry or eagle and not airplane. Which is more similar in semantic meaning to airplane?,eagle
airplane|blueberry|fly,Answer using only one word - blueberry or fly and not airplane. Which is more similar in semantic meaning to airplane?,fly
airplane|boa|boar,Answer using only one word - boa or boar and not airplane. Which is more similar in semantic meaning to airplane?,boar
airplane|boa|cactus,Answer using only one word - boa or cactus and not airplane. Which is more similar in semantic meaning to airplane?,cactus
airplane|boa|carrot,Answer using only one word - boa or carrot and not airplane. Which is more similar in semantic meaning to airplane?,carrot
airplane|boa|chili,Answer using only one word - boa or chili and not airplane. Which is more similar in semantic meaning to airplane?,chili
airplane|boa|coconut,Answer using only one word - boa or coconut and not airplane. Which is more similar in semantic meaning to airplane?,coconut
airplane|boa|eagle,Answer using only one word - boa or eagle and not airplane. Which is more similar in semantic meaning to airplane?,eagle
airplane|boa|fly,Answer using only one word - boa or fly and not airplane. Which is more similar in semantic meaning to airplane?,fly
airplane|boar|bread,Answer using only one word - boar or bread and not airplane. Which is more similar in semantic meaning to airplane?,boar
airplane|boar|candle,Answer using only one word - boar or candle and not airplane. Which is more similar in semantic meaning to airplane?,candle
airplane|boar|cart,Answer using only one word - boar or cart and not airplane. Which is more similar in semantic meaning to airplane?,cart
airplane|boar|chinchilla,Answer using only one word - boar or chinchilla and not airplane. Which is more similar in semantic meaning to airplane?,Boar
airplane|boar|crow,Answer using only one word - boar or crow and not airplane. Which is more similar in semantic meaning to airplane?,crow
airplane|boar|eggbeater,Answer using only one word - boar or eggbeater and not airplane. Which is more similar in semantic meaning to airplane?,eggbeater
airplane|boar|grenade,Answer using only one word - boar or grenade and not airplane. Which is more similar in semantic meaning to airplane?,grenade
airplane|bread|bucket,Answer using only one word - bread or bucket and not airplane. Which is more similar in semantic meaning to airplane?,bucket
airplane|bread|cannon,Answer using only one word - bread or cannon and not airplane. Which is more similar in semantic meaning to airplane?,cannon
airplane|bread|caterpillar,Answer using only one word - bread or caterpillar and not airplane. Which is more similar in semantic meaning to airplane?,caterpillar
airplane|bread|clarinet,Answer using only one word - bread or clarinet and not airplane. Which is more similar in semantic meaning to airplane?,bread
airplane|bread|dragonfly,Answer using only one word - bread or dragonfly and not airplane. Which is more similar in semantic meaning to airplane?,dragonfly
airplane|bread|file,Answer using only one word - bread or file and not airplane. Which is more similar in semantic meaning to airplane?,file
airplane|bread|missile,Answer using only one word - bread or missile and not airplane. Which is more similar in semantic meaning to airplane?,missile
airplane|brussels sprouts|candle,Answer using only one word - brussels sprouts or candle and not airplane. Which is more similar in semantic meaning to airplane?,Candle
airplane|brussels sprouts|cart,Answer using only one word - brussels sprouts or cart and not airplane. Which is more similar in semantic meaning to airplane?,cart
airplane|brussels sprouts|chinchilla,Answer using only one word - brussels sprouts or chinchilla and not airplane. Which is more similar in semantic meaning to airplane?,Chinchilla
airplane|brussels sprouts|crow,Answer using only one word - brussels sprouts or crow and not airplane. Which is more similar in semantic meaning to airplane?,crow
airplane|brussels sprouts|eggbeater,Answer using only one word - brussels sprouts or eggbeater and not airplane. Which is more similar in semantic meaning to airplane?,Eggbeater
airplane|brussels sprouts|grenade,Answer using only one word - brussels sprouts or grenade and not airplane. Which is more similar in semantic meaning to airplane?,grenade
airplane|bucket|cactus,Answer using only one word - bucket or cactus and not airplane. Which is more similar in semantic meaning to airplane?,bucket
airplane|bucket|carrot,Answer using only one word - bucket or carrot and not airplane. Which is more similar in semantic meaning to airplane?,bucket
airplane|bucket|chili,Answer using only one word - bucket or chili and not airplane. Which is more similar in semantic meaning to airplane?,bucket
airplane|bucket|coconut,Answer using only one word - bucket or coconut and not airplane. Which is more similar in semantic meaning to airplane?,bucket
airplane|bucket|eagle,Answer using only one word - bucket or eagle and not airplane. Which is more similar in semantic meaning to airplane?,eagle
airplane|bucket|fly,Answer using only one word - bucket or fly and not airplane. Which is more similar in semantic meaning to airplane?,fly
airplane|burrito|cactus,Answer using only one word - burrito or cactus and not airplane. Which is more similar in semantic meaning to airplane?,burrito
airplane|burrito|carrot,Answer using only one word - burrito or carrot and not airplane. Which is more similar in semantic meaning to airplane?,burrito
airplane|burrito|chili,Answer using only one word - burrito or chili and not airplane. Which is more similar in semantic meaning to airplane?,burrito
airplane|burrito|coconut,Answer using only one word - burrito or coconut and not airplane. Which is more similar in semantic meaning to airplane?,burrito
airplane|burrito|eagle,Answer using only one word - burrito or eagle and not airplane. Which is more similar in semantic meaning to airplane?,eagle
airplane|burrito|fly,Answer using only one word - burrito or fly and not airplane. Which is more similar in semantic meaning to airplane?,fly
airplane|cactus|candle,Answer using only one word - cactus or candle and not airplane. Which is more similar in semantic meaning to airplane?,cactus
airplane|cactus|cart,Answer using only one word - cactus or cart and not airplane. Which is more similar in semantic meaning to airplane?,cart
airplane|cactus|chinchilla,Answer using only one word - cactus or chinchilla and not airplane. Which is more similar in semantic meaning to airplane?,cactus
airplane|cactus|crow,Answer using only one word - cactus or crow and not airplane. Which is more similar in semantic meaning to airplane?,cactus
airplane|cactus|eggbeater,Answer using only one word - cactus or eggbeater and not airplane. Which is more similar in semantic meaning to airplane?,cactus
airplane|cactus|grenade,Answer using only one word - cactus or grenade and not airplane. Which is more similar in semantic meaning to airplane?,cactus
airplane|candle|cannon,Answer using only one word - candle or cannon and not airplane. Which is more similar in semantic meaning to airplane?,cannon
airplane|candle|caterpillar,Answer using only one word - candle or caterpillar and not airplane. Which is more similar in semantic meaning to airplane?,caterpillar
airplane|candle|clarinet,Answer using only one word - candle or clarinet and not airplane. Which is more similar in semantic meaning to airplane?,clarinet
airplane|candle|dragonfly,Answer using only one word - candle or dragonfly and not airplane. Which is more similar in semantic meaning to airplane?,dragonfly
airplane|candle|file,Answer using only one word - candle or file and not airplane. Which is more similar in semantic meaning to airplane?,file
airplane|candle|missile,Answer using only one word - candle or missile and not airplane. Which is more similar in semantic meaning to airplane?,missile
airplane|candy|cart,Answer using only one word - candy or cart and not airplane. Which is more similar in semantic meaning to airplane?,cart
airplane|candy|chinchilla,Answer using only one word - candy or chinchilla and not airplane. Which is more similar in semantic meaning to airplane?,candy
airplane|candy|crow,Answer using only one word - candy or crow and not airplane. Which is more similar in semantic meaning to airplane?,candy
airplane|candy|eggbeater,Answer using only one word - candy or eggbeater and not airplane. Which is more similar in semantic meaning to airplane?,eggbeater
airplane|candy|grenade,Answer using only one word - candy or grenade and not airplane. Which is more similar in semantic meaning to airplane?,candy
airplane|cannon|carrot,Answer using only one word - cannon or carrot and not airplane. Which is more similar in semantic meaning to airplane?,cannon
airplane|cannon|chili,Answer using only one word - cannon or chili and not airplane. Which is more similar in semantic meaning to airplane?,cannon
airplane|cannon|coconut,Answer using only one word - cannon or coconut and not airplane. Which is more similar in semantic meaning to airplane?,cannon
airplane|cannon|eagle,Answer using only one word - cannon or eagle and not airplane. Which is more similar in semantic meaning to airplane?,eagle
airplane|cannon|fly,Answer using only one word - cannon or fly and not airplane. Which is more similar in semantic meaning to airplane?,cannon
airplane|car|carrot,Answer using only one word - car or carrot and not airplane. Which is more similar in semantic meaning to airplane?,car
airplane|car|chili,Answer using only one word - car or chili and not airplane. Which is more similar in semantic meaning to airplane?,car
airplane|car|coconut,Answer using only one word - car or coconut and not airplane. Which is more similar in semantic meaning to airplane?,coconut
airplane|car|eagle,Answer using only one word - car or eagle and not airplane. Which is more similar in semantic meaning to airplane?,eagle
airplane|car|fly,Answer using only one word - car or fly and not airplane. Which is more similar in semantic meaning to airplane?,fly
airplane|carrot|cart,Answer using only one word - carrot or cart and not airplane. Which is more similar in semantic meaning to airplane?,carrot
airplane|carrot|chinchilla,Answer using only one word - carrot or chinchilla and not airplane. Which is more similar in semantic meaning to airplane?,chinchilla
airplane|carrot|crow,Answer using only one word - carrot or crow and not airplane. Which is more similar in semantic meaning to airplane?,crow
airplane|carrot|eggbeater,Answer using only one word - carrot or eggbeater and not airplane. Which is more similar in semantic meaning to airplane?,eggbeater
airplane|carrot|grenade,Answer using only one word - carrot or grenade and not airplane. Which is more similar in semantic meaning to airplane?,carrot
airplane|cart|caterpillar,Answer using only one word - cart or caterpillar and not airplane. Which is more similar in semantic meaning to airplane?,caterpillar
airplane|cart|clarinet,Answer using only one word - cart or clarinet and not airplane. Which is more similar in semantic meaning to airplane?,cart
airplane|cart|dragonfly,Answer using only one word - cart or dragonfly and not airplane. Which is more similar in semantic meaning to airplane?,dragonfly
airplane|cart|file,Answer using only one word - cart or file and not airplane. Which is more similar in semantic meaning to airplane?,file
airplane|cart|missile,Answer using only one word - cart or missile and not airplane. Which is more similar in semantic meaning to airplane?,missile
airplane|cat|chinchilla,Answer using only one word - cat or chinchilla and not airplane. Which is more similar in semantic meaning to airplane?,chinchilla
airplane|cat|crow,Answer using only one word - cat or crow and not airplane. Which is more similar in semantic meaning to airplane?,crow
airplane|cat|eggbeater,Answer using only one word - cat or eggbeater and not airplane. Which is more similar in semantic meaning to airplane?,eggbeater
airplane|cat|grenade,Answer using only one word - cat or grenade and not airplane. Which is more similar in semantic meaning to airplane?,globe
airplane|caterpillar|chili,Answer using only one word - caterpillar or chili and not airplane. Which is more similar in semantic meaning to airplane?,caterpillar
airplane|caterpillar|coconut,Answer using only one word - caterpillar or coconut and not airplane. Which is more similar in semantic meaning to airplane?,caterpillar
airplane|caterpillar|eagle,Answer using only one word - caterpillar or eagle and not airplane. Which is more similar in semantic meaning to airplane?,eagle
airplane|caterpillar|fly,Answer using only one word - caterpillar or fly and not airplane. Which is more similar in semantic meaning to airplane?,fly
airplane|celery|chili,Answer using only one word - celery or chili and not airplane. Which is more similar in semantic meaning to airplane?,Chili
airplane|celery|coconut,Answer using only one word - celery or coconut and not airplane. Which is more similar in semantic meaning to airplane?,Coconut
airplane|celery|eagle,Answer using only one word - celery or eagle and not airplane. Which is more similar in semantic meaning to airplane?,eagle
airplane|celery|fly,Answer using only one word - celery or fly and not airplane. Which is more similar in semantic meaning to airplane?,fly
airplane|chili|chinchilla,Answer using only one word - chili or chinchilla and not airplane. Which is more similar in semantic meaning to airplane?,chili
airplane|chili|crow,Answer using only one word - chili or crow and not airplane. Which is more similar in semantic meaning to airplane?,chili
airplane|chili|eggbeater,Answer using only one word - chili or eggbeater and not airplane. Which is more similar in semantic meaning to airplane?,chili
airplane|chili|grenade,Answer using only one word - chili or grenade and not airplane. Which is more similar in semantic meaning to airplane?,grenade
airplane|chinchilla|clarinet,Answer using only one word - chinchilla or clarinet and not airplane. Which is more similar in semantic meaning to airplane?,clarinet
airplane|chinchilla|dragonfly,Answer using only one word - chinchilla or dragonfly and not airplane. Which is more similar in semantic meaning to airplane?,dragonfly
airplane|chinchilla|file,Answer using only one word - chinchilla or file and not airplane. Which is more similar in semantic meaning to airplane?,file
airplane|chinchilla|missile,Answer using only one word - chinchilla or missile and not airplane. Which is more similar in semantic meaning to airplane?,missile
airplane|chisel|crow,Answer using only one word - chisel or crow and not airplane. Which is more similar in semantic meaning to airplane?,chisel
airplane|chisel|eggbeater,Answer using only one word - chisel or eggbeater and not airplane. Which is more similar in semantic meaning to airplane?,Chisel
airplane|chisel|grenade,Answer using only one word - chisel or grenade and not airplane. Which is more similar in semantic meaning to airplane?,chisel
airplane|clarinet|coconut,Answer using only one word - clarinet or coconut and not airplane. Which is more similar in semantic meaning to airplane?,coconut
airplane|clarinet|eagle,Answer using only one word - clarinet or eagle and not airplane. Which is more similar in semantic meaning to airplane?,eagle
airplane|clarinet|fly,Answer using only one word - clarinet or fly and not airplane. Which is more similar in semantic meaning to airplane?,fly
airplane|coat|coconut,Answer using only one word - coat or coconut and not airplane. Which is more similar in semantic meaning to airplane?,Coconut
airplane|coat|eagle,Answer using only one word - coat or eagle and not airplane. Which is more similar in semantic meaning to airplane?,eagle
airplane|coat|fly,Answer using only one word - coat or fly and not airplane. Which is more similar in semantic meaning to airplane?,fly
airplane|coconut|crow,Answer using only one word - coconut or crow and not airplane. Which is more similar in semantic meaning to airplane?,coconut
airplane|coconut|eggbeater,Answer using only one word - coconut or eggbeater and not airplane. Which is more similar in semantic meaning to airplane?,eggbeater
airplane|coconut|grenade,Answer using only one word - coconut or grenade and not airplane. Which is more similar in semantic meaning to airplane?,coconut
airplane|crow|dragonfly,Answer using only one word - crow or dragonfly and not airplane. Which is more similar in semantic meaning to airplane?,dragonfly
airplane|crow|file,Answer using only one word - crow or file and not airplane. Which is more similar in semantic meaning to airplane?,file
airplane|crow|missile,Answer using only one word - crow or missile and not airplane. Which is more similar in semantic meaning to airplane?,missile
airplane|crowbar|eggbeater,Answer using only one word - crowbar or eggbeater and not airplane. Which is more similar in semantic meaning to airplane?,crowbar
airplane|crowbar|grenade,Answer using only one word - crowbar or grenade and not airplane. Which is more similar in semantic meaning to airplane?,crowbar
airplane|dragonfly|eagle,Answer using only one word - dragonfly or eagle and not airplane. Which is more similar in semantic meaning to airplane?,eagle
airplane|dragonfly|fly,Answer using only one word - dragonfly or fly and not airplane. Which is more similar in semantic meaning to airplane?,fly
airplane|dress|eagle,Answer using only one word - dress or eagle and not airplane. Which is more similar in semantic meaning to airplane?,eagle
airplane|dress|fly,Answer using only one word - dress or fly and not airplane. Which is more similar in semantic meaning to airplane?,fly
airplane|eagle|eggbeater,Answer using only one word - eagle or eggbeater and not airplane. Which is more similar in semantic meaning to airplane?,eagle
airplane|eagle|grenade,Answer using only one word - eagle or grenade and not airplane. Which is more similar in semantic meaning to airplane?,eagle
airplane|eggbeater|file,Answer using only one word - eggbeater or file and not airplane. Which is more similar in semantic meaning to airplane?,file
airplane|eggbeater|missile,Answer using only one word - eggbeater or missile and not airplane. Which is more similar in semantic meaning to airplane?,missile
airplane|fig|grenade,Answer using only one word - fig or grenade and not airplane. Which is more similar in semantic meaning to airplane?,fig
airplane|file|fly,Answer using only one word - file or fly and not airplane. Which is more similar in semantic meaning to airplane?,fly
airplane|flute|fly,Answer using only one word - flute or fly and not airplane. Which is more similar in semantic meaning to airplane?,fly
airplane|fly|grenade,Answer using only one word - fly or grenade and not airplane. Which is more similar in semantic meaning to airplane?,fly
airplane|grenade|missile,Answer using only one word - grenade or missile and not airplane. Which is more similar in semantic meaning to airplane?,missile
aloe|ant|anteater,Answer using only one word - ant or anteater and not aloe. Which is more similar in semantic meaning to aloe?,Anteater
aloe|ant|banana,Answer using only one word - ant or banana and not aloe. Which is more similar in semantic meaning to aloe?,banana
aloe|ant|bed,Answer using only one word - ant or bed and not aloe. Which is more similar in semantic meaning to aloe?,bed
aloe|ant|bird,Answer using only one word - ant or bird and not aloe. Which is more similar in semantic meaning to aloe?,bird
aloe|ant|boar,Answer using only one word - ant or boar and not aloe. Which is more similar in semantic meaning to aloe?,ant
aloe|ant|cactus,Answer using only one word - ant or cactus and not aloe. Which is more similar in semantic meaning to aloe?,Cactus
aloe|ant|carrot,Answer using only one word - ant or carrot and not aloe. Which is more similar in semantic meaning to aloe?,carrot
aloe|ant|chili,Answer using only one word - ant or chili and not aloe. Which is more similar in semantic meaning to aloe?,chili
aloe|ant|coconut,Answer using only one word - ant or coconut and not aloe. Which is more similar in semantic meaning to aloe?,coconut
aloe|ant|eagle,Answer using only one word - ant or eagle and not aloe. Which is more similar in semantic meaning to aloe?,ant
aloe|ant|fly,Answer using only one word - ant or fly and not aloe. Which is more similar in semantic meaning to aloe?,fly
aloe|anteater|anvil,Answer using only one word - anteater or anvil and not aloe. Which is more similar in semantic meaning to aloe?,Anvil
aloe|anteater|banjo,Answer using only one word - anteater or banjo and not aloe. Which is more similar in semantic meaning to aloe?,Neither
aloe|anteater|beet,Answer using only one word - anteater or beet and not aloe. Which is more similar in semantic meaning to aloe?,Beet
aloe|anteater|blender,Answer using only one word - anteater or blender and not aloe. Which is more similar in semantic meaning to aloe?,anteater
aloe|anteater|bread,Answer using only one word - anteater or bread and not aloe. Which is more similar in semantic meaning to aloe?,anteater
aloe|anteater|candle,Answer using only one word - anteater or candle and not aloe. Which is more similar in semantic meaning to aloe?,Candle
aloe|anteater|cart,Answer using only one word - anteater or cart and not aloe. Which is more similar in semantic meaning to aloe?,cart
aloe|anteater|chinchilla,Answer using only one word - anteater or chinchilla and not aloe. Which is more similar in semantic meaning to aloe?,Chinchilla
aloe|anteater|crow,Answer using only one word - anteater or crow and not aloe. Which is more similar in semantic meaning to aloe?,Neither
aloe|anteater|eggbeater,Answer using only one word - anteater or eggbeater and not aloe. Which is more similar in semantic meaning to aloe?,Neither
aloe|anteater|grenade,Answer using only one word - anteater or grenade and not aloe. Which is more similar in semantic meaning to aloe?,Grenade
aloe|anvil|artichoke,Answer using only one word - anvil or artichoke and not aloe. Which is more similar in semantic meaning to aloe?,artichoke
aloe|anvil|bat,Answer using only one word - anvil or bat and not aloe. Which is more similar in semantic meaning to aloe?,Anvil
aloe|anvil|bell,Answer using only one word - anvil or bell and not aloe. Which is more similar in semantic meaning to aloe?,bell
aloe|anvil|blueberry,Answer using only one word - anvil or blueberry and not aloe. Which is more similar in semantic meaning to aloe?,Anvil
aloe|anvil|bucket,Answer using only one word - anvil or bucket and not aloe. Which is more similar in semantic meaning to aloe?,bucket
aloe|anvil|cannon,Answer using only one word - anvil or cannon and not aloe. Which is more similar in semantic meaning to aloe?,Anvil
aloe|anvil|caterpillar,Answer using only one word - anvil or caterpillar and not aloe. Which is more similar in semantic meaning to aloe?,caterpillar
aloe|anvil|clarinet,Answer using only one word - anvil or clarinet and not aloe. Which is more similar in semantic meaning to aloe?,Anvil
aloe|anvil|dragonfly,Answer using only one word - anvil or dragonfly and not aloe. Which is more similar in semantic meaning to aloe?,Anvil
aloe|anvil|file,Answer using only one word - anvil or file and not aloe. Which is more similar in semantic meaning to aloe?,file
aloe|anvil|missile,Answer using only one word - anvil or missile and not aloe. Which is more similar in semantic meaning to aloe?,Anvil
aloe|apple|banjo,Answer using only one word - apple or banjo and not aloe. Which is more similar in semantic meaning to aloe?,apple
aloe|apple|beet,Answer using only one word - apple or beet and not aloe. Which is more similar in semantic meaning to aloe?,beet
aloe|apple|blender,Answer using only one word - apple or blender and not aloe. Which is more similar in semantic meaning to aloe?,apple
aloe|apple|bread,Answer using only one word - apple or bread and not aloe. Which is more similar in semantic meaning to aloe?,apple
aloe|apple|candle,Answer using only one word - apple or candle and not aloe. Which is more similar in semantic meaning to aloe?,candle
aloe|apple|cart,Answer using only one word - apple or cart and not aloe. Which is more similar in semantic meaning to aloe?,apple
aloe|apple|chinchilla,Answer using only one word - apple or chinchilla and not aloe. Which is more similar in semantic meaning to aloe?,apple
aloe|apple|crow,Answer using only one word - apple or crow and not aloe. Which is more similar in semantic meaning to aloe?,apple
aloe|apple|eggbeater,Answer using only one word - apple or eggbeater and not aloe. Which is more similar in semantic meaning to aloe?,apple
aloe|apple|grenade,Answer using only one word - apple or grenade and not aloe. Which is more similar in semantic meaning to aloe?,apple
aloe|artichoke|banana,Answer using only one word - artichoke or banana and not aloe. Which is more similar in semantic meaning to aloe?,artichoke
aloe|artichoke|bed,Answer using only one word - artichoke or bed and not aloe. Which is more similar in semantic meaning to aloe?,bed
aloe|artichoke|bird,Answer using only one word - artichoke or bird and not aloe. Which is more similar in semantic meaning to aloe?,artichoke
aloe|artichoke|boar,Answer using only one word - artichoke or boar and not aloe. Which is more similar in semantic meaning to aloe?,artichoke
aloe|artichoke|cactus,Answer using only one word - artichoke or cactus and not aloe. Which is more similar in semantic meaning to aloe?,cactus
aloe|artichoke|carrot,Answer using only one word - artichoke or carrot and not aloe. Which is more similar in semantic meaning to aloe?,carrot
aloe|artichoke|chili,Answer using only one word - artichoke or chili and not aloe. Which is more similar in semantic meaning to aloe?,chili
aloe|artichoke|coconut,Answer using only one word - artichoke or coconut and not aloe. Which is more similar in semantic meaning to aloe?,artichoke
aloe|artichoke|eagle,Answer using only one word - artichoke or eagle and not aloe. Which is more similar in semantic meaning to aloe?,artichoke
aloe|artichoke|fly,Answer using only one word - artichoke or fly and not aloe. Which is more similar in semantic meaning to aloe?,artichoke
aloe|bagel|banana,Answer using only one word - bagel or banana and not aloe. Which is more similar in semantic meaning to aloe?,banana
aloe|bagel|bed,Answer using only one word - bagel or bed and not aloe. Which is more similar in semantic meaning to aloe?,bed
aloe|bagel|bird,Answer using only one word - bagel or bird and not aloe. Which is more similar in semantic meaning to aloe?,bird
aloe|bagel|boar,Answer using only one word - bagel or boar and not aloe. Which is more similar in semantic meaning to aloe?,Boar
aloe|bagel|cactus,Answer using only one word - bagel or cactus and not aloe. Which is more similar in semantic meaning to aloe?,Cactus
aloe|bagel|carrot,Answer using only one word - bagel or carrot and not aloe. Which is more similar in semantic meaning to aloe?,carrot
aloe|bagel|chili,Answer using only one word - bagel or chili and not aloe. Which is more similar in semantic meaning to aloe?,chili
aloe|bagel|coconut,Answer using only one word - bagel or coconut and not aloe. Which is more similar in semantic meaning to aloe?,Coconut
aloe|bagel|eagle,Answer using only one word - bagel or eagle and not aloe. Which is more similar in semantic meaning to aloe?,bagel
aloe|bagel|fly,Answer using only one word - bagel or fly and not aloe. Which is more similar in semantic meaning to aloe?,fly
aloe|banana|banjo,Answer using only one word - banana or banjo and not aloe. Which is more similar in semantic meaning to aloe?,banana
aloe|banana|beet,Answer using only one word - banana or beet and not aloe. Which is more similar in semantic meaning to aloe?,beet
aloe|banana|blender,Answer using only one word - banana or blender and not aloe. Which is more similar in semantic meaning to aloe?,banana
aloe|banana|bread,Answer using only one word - banana or bread and not aloe. Which is more similar in semantic meaning to aloe?,banana
aloe|banana|candle,Answer using only one word - banana or candle and not aloe. Which is more similar in semantic meaning to aloe?,banana
aloe|banana|cart,Answer using only one word - banana or cart and not aloe. Which is more similar in semantic meaning to aloe?,banana
aloe|banana|chinchilla,Answer using only one word - banana or chinchilla and not aloe. Which is more similar in semantic meaning to aloe?,banana
aloe|banana|crow,Answer using only one word - banana or crow and not aloe. Which is more similar in semantic meaning to aloe?,banana
aloe|banana|eggbeater,Answer using only one word - banana or eggbeater and not aloe. Which is more similar in semantic meaning to aloe?,banana
aloe|banana|grenade,Answer using only one word - banana or grenade and not aloe. Which is more similar in semantic meaning to aloe?,banana
aloe|banjo|bat,Answer using only one word - banjo or bat and not aloe. Which is more similar in semantic meaning to aloe?,bat
aloe|banjo|bell,Answer using only one word - banjo or bell and not aloe. Which is more similar in semantic meaning to aloe?,bell
aloe|banjo|blueberry,Answer using only one word - banjo or blueberry and not aloe. Which is more similar in semantic meaning to aloe?,blueberry
aloe|banjo|bucket,Answer using only one word - banjo or bucket and not aloe. Which is more similar in semantic meaning to aloe?,bucket
aloe|banjo|cannon,Answer using only one word - banjo or cannon and not aloe. Which is more similar in semantic meaning to aloe?,banjo
aloe|banjo|caterpillar,Answer using only one word - banjo or caterpillar and not aloe. Which is more similar in semantic meaning to aloe?,caterpillar
aloe|banjo|clarinet,Answer using only one word - banjo or clarinet and not aloe. Which is more similar in semantic meaning to aloe?,Neither
aloe|banjo|dragonfly,Answer using only one word - banjo or dragonfly and not aloe. Which is more similar in semantic meaning to aloe?,dragonfly
aloe|banjo|file,Answer using only one word - banjo or file and not aloe. Which is more similar in semantic meaning to aloe?,file
aloe|banjo|missile,Answer using only one word - banjo or missile and not aloe. Which is more similar in semantic meaning to aloe?,banjo
aloe|barrel|beet,Answer using only one word - barrel or beet and not aloe. Which is more similar in semantic meaning to aloe?,Beet
aloe|barrel|blender,Answer using only one word - barrel or blender and not aloe. Which is more similar in semantic meaning to aloe?,blender
aloe|barrel|bread,Answer using only one word - barrel or bread and not aloe. Which is more similar in semantic meaning to aloe?,barrel
aloe|barrel|candle,Answer using only one word - barrel or candle and not aloe. Which is more similar in semantic meaning to aloe?,candle
aloe|barrel|cart,Answer using only one word - barrel or cart and not aloe. Which is more similar in semantic meaning to aloe?,Barrel
aloe|barrel|chinchilla,Answer using only one word - barrel or chinchilla and not aloe. Which is more similar in semantic meaning to aloe?,Chinchilla
aloe|barrel|crow,Answer using only one word - barrel or crow and not aloe. Which is more similar in semantic meaning to aloe?,barrel
aloe|barrel|eggbeater,Answer using only one word - barrel or eggbeater and not aloe. Which is more similar in semantic meaning to aloe?,Barrel
aloe|barrel|grenade,Answer using only one word - barrel or grenade and not aloe. Which is more similar in semantic meaning to aloe?,barrel
aloe|bat|bed,Answer using only one word - bat or bed and not aloe. Which is more similar in semantic meaning to aloe?,bed
aloe|bat|bird,Answer using only one word - bat or bird and not aloe. Which is more similar in semantic meaning to aloe?,bird
aloe|bat|boar,Answer using only one word - bat or boar and not aloe. Which is more similar in semantic meaning to aloe?,boar
aloe|bat|cactus,Answer using only one word - bat or cactus and not aloe. Which is more similar in semantic meaning to aloe?,cactus
aloe|bat|carrot,Answer using only one word - bat or carrot and not aloe. Which is more similar in semantic meaning to aloe?,carrot
aloe|bat|chili,Answer using only one word - bat or chili and not aloe. Which is more similar in semantic meaning to aloe?,chili
aloe|bat|coconut,Answer using only one word - bat or coconut and not aloe. Which is more similar in semantic meaning to aloe?,coconut
aloe|bat|eagle,Answer using only one word - bat or eagle and not aloe. Which is more similar in semantic meaning to aloe?,eagle
aloe|bat|fly,Answer using only one word - bat or fly and not aloe. Which is more similar in semantic meaning to aloe?,fly
aloe|beaver|bed,Answer using only one word - beaver or bed and not aloe. Which is more similar in semantic meaning to aloe?,beaver
aloe|beaver|bird,Answer using only one word - beaver or bird and not aloe. Which is more similar in semantic meaning to aloe?,beaver
aloe|beaver|boar,Answer using only one word - beaver or boar and not aloe. Which is more similar in semantic meaning to aloe?,Beaver
aloe|beaver|cactus,Answer using only one word - beaver or cactus and not aloe. Which is more similar in semantic meaning to aloe?,cactus
aloe|beaver|carrot,Answer using only one word - beaver or carrot and not aloe. Which is more similar in semantic meaning to aloe?,beaver
aloe|beaver|chili,Answer using only one word - beaver or chili and not aloe. Which is more similar in semantic meaning to aloe?,chili
aloe|beaver|coconut,Answer using only one word - beaver or coconut and not aloe. Which is more similar in semantic meaning to aloe?,coconut
aloe|beaver|eagle,Answer using only one word - beaver or eagle and not aloe. Which is more similar in semantic meaning to aloe?,beaver
aloe|beaver|fly,Answer using only one word - beaver or fly and not aloe. Which is more similar in semantic meaning to aloe?,beaver
aloe|bed|beet,Answer using only one word - bed or beet and not aloe. Which is more similar in semantic meaning to aloe?,bed
aloe|bed|blender,Answer using only one word - bed or blender and not aloe. Which is more similar in semantic meaning to aloe?,bed
aloe|bed|bread,Answer using only one word - bed or bread and not aloe. Which is more similar in semantic meaning to aloe?,bed
aloe|bed|candle,Answer using only one word - bed or candle and not aloe. Which is more similar in semantic meaning to aloe?,candle
aloe|bed|cart,Answer using only one word - bed or cart and not aloe. Which is more similar in semantic meaning to aloe?,cart
aloe|bed|chinchilla,Answer using only one word - bed or chinchilla and not aloe. Which is more similar in semantic meaning to aloe?,chinchilla
aloe|bed|crow,Answer using only one word - bed or crow and not aloe. Which is more similar in semantic meaning to aloe?,bed
aloe|bed|eggbeater,Answer using only one word - bed or eggbeater and not aloe. Which is more similar in semantic meaning to aloe?,bed
aloe|bed|grenade,Answer using only one word - bed or grenade and not aloe. Which is more similar in semantic meaning to aloe?,bed
aloe|beet|bell,Answer using only one word - beet or bell and not aloe. Which is more similar in semantic meaning to aloe?,bell
aloe|beet|blueberry,Answer using only one word - beet or blueberry and not aloe. Which is more similar in semantic meaning to aloe?,beet
aloe|beet|bucket,Answer using only one word - beet or bucket and not aloe. Which is more similar in semantic meaning to aloe?,bucket
aloe|beet|cannon,Answer using only one word - beet or cannon and not aloe. Which is more similar in semantic meaning to aloe?,Beet
aloe|beet|caterpillar,Answer using only one word - beet or caterpillar and not aloe. Which is more similar in semantic meaning to aloe?,caterpillar
aloe|beet|clarinet,Answer using only one word - beet or clarinet and not aloe. Which is more similar in semantic meaning to aloe?,Beet
aloe|beet|dragonfly,Answer using only one word - beet or dragonfly and not aloe. Which is more similar in semantic meaning to aloe?,beet
aloe|beet|file,Answer using only one word - beet or file and not aloe. Which is more similar in semantic meaning to aloe?,file
aloe|beet|missile,Answer using only one word - beet or missile and not aloe. Which is more similar in semantic meaning to aloe?,beet
aloe|beetle|blender,Answer using only one word - beetle or blender and not aloe. Which is more similar in semantic meaning to aloe?,beetle
aloe|beetle|bread,Answer using only one word - beetle or bread and not aloe. Which is more similar in semantic meaning to aloe?,beetle
aloe|beetle|candle,Answer using only one word - beetle or candle and not aloe. Which is more similar in semantic meaning to aloe?,candle
aloe|beetle|cart,Answer using only one word - beetle or cart and not aloe. Which is more similar in semantic meaning to aloe?,cart
aloe|beetle|chinchilla,Answer using only one word - beetle or chinchilla and not aloe. Which is more similar in semantic meaning to aloe?,Beetle
aloe|beetle|crow,Answer using only one word - beetle or crow and not aloe. Which is more similar in semantic meaning to aloe?,beetle
aloe|beetle|eggbeater,Answer using only one word - beetle or eggbeater and not aloe. Which is more similar in semantic meaning to aloe?,beetle
aloe|beetle|grenade,Answer using only one word - beetle or grenade and not aloe. Which is more similar in semantic meaning to aloe?,beetle
aloe|bell|bird,Answer using only one word - bell or bird and not aloe. Which is more similar in semantic meaning to aloe?,bird
aloe|bell|boar,Answer using only one word - bell or boar and not aloe. Which is more similar in semantic meaning to aloe?,bell
aloe|bell|cactus,Answer using only one word - bell or cactus and not aloe. Which is more similar in semantic meaning to aloe?,Cactus
aloe|bell|carrot,Answer using only one word - bell or carrot and not aloe. Which is more similar in semantic meaning to aloe?,carrot
aloe|bell|chili,Answer using only one word - bell or chili and not aloe. Which is more similar in semantic meaning to aloe?,chili
aloe|bell|coconut,Answer using only one word - bell or coconut and not aloe. Which is more similar in semantic meaning to aloe?,coconut
aloe|bell|eagle,Answer using only one word - bell or eagle and not aloe. Which is more similar in semantic meaning to aloe?,bell
aloe|bell|fly,Answer using only one word - bell or fly and not aloe. Which is more similar in semantic meaning to aloe?,bell
aloe|belt|bird,Answer using only one word - belt or bird and not aloe. Which is more similar in semantic meaning to aloe?,belt
aloe|belt|boar,Answer using only one word - belt or boar and not aloe. Which is more similar in semantic meaning to aloe?,belt
aloe|belt|cactus,Answer using only one word - belt or cactus and not aloe. Which is more similar in semantic meaning to aloe?,cactus
aloe|belt|carrot,Answer using only one word - belt or carrot and not aloe. Which is more similar in semantic meaning to aloe?,carrot
aloe|belt|chili,Answer using only one word - belt or chili and not aloe. Which is more similar in semantic meaning to aloe?,chili
aloe|belt|coconut,Answer using only one word - belt or coconut and not aloe. Which is more similar in semantic meaning to aloe?,coconut
aloe|belt|eagle,Answer using only one word - belt or eagle and not aloe. Which is more similar in semantic meaning to aloe?,belt
aloe|belt|fly,Answer using only one word - belt or fly and not aloe. Which is more similar in semantic meaning to aloe?,fly
aloe|bird|blender,Answer using only one word - bird or blender and not aloe. Which is more similar in semantic meaning to aloe?,bird
aloe|bird|bread,Answer using only one word - bird or bread and not aloe. Which is more similar in semantic meaning to aloe?,bird
aloe|bird|candle,Answer using only one word - bird or candle and not aloe. Which is more similar in semantic meaning to aloe?,candle
aloe|bird|cart,Answer using only one word - bird or cart and not aloe. Which is more similar in semantic meaning to aloe?,bird
aloe|bird|chinchilla,Answer using only one word - bird or chinchilla and not aloe. Which is more similar in semantic meaning to aloe?,Chinchilla
aloe|bird|crow,Answer using only one word - bird or crow and not aloe. Which is more similar in semantic meaning to aloe?,bird
aloe|bird|eggbeater,Answer using only one word - bird or eggbeater and not aloe. Which is more similar in semantic meaning to aloe?,bird
aloe|bird|grenade,Answer using only one word - bird or grenade and not aloe. Which is more similar in semantic meaning to aloe?,bird
aloe|blender|blueberry,Answer using only one word - blender or blueberry and not aloe. Which is more similar in semantic meaning to aloe?,blender
aloe|blender|bucket,Answer using only one word - blender or bucket and not aloe. Which is more similar in semantic meaning to aloe?,bucket
aloe|blender|cannon,Answer using only one word - blender or cannon and not aloe. Which is more similar in semantic meaning to aloe?,blender
aloe|blender|caterpillar,Answer using only one word - blender or caterpillar and not aloe. Which is more similar in semantic meaning to aloe?,caterpillar
aloe|blender|clarinet,Answer using only one word - blender or clarinet and not aloe. Which is more similar in semantic meaning to aloe?,clarinet
aloe|blender|dragonfly,Answer using only one word - blender or dragonfly and not aloe. Which is more similar in semantic meaning to aloe?,Blender
aloe|blender|file,Answer using only one word - blender or file and not aloe. Which is more similar in semantic meaning to aloe?,file
aloe|blender|missile,Answer using only one word - blender or missile and not aloe. Which is more similar in semantic meaning to aloe?,blender
aloe|blowtorch|bread,Answer using only one word - blowtorch or bread and not aloe. Which is more similar in semantic meaning to aloe?,bread
aloe|blowtorch|candle,Answer using only one word - blowtorch or candle and not aloe. Which is more similar in semantic meaning to aloe?,candle
aloe|blowtorch|cart,Answer using only one word - blowtorch or cart and not aloe. Which is more similar in semantic meaning to aloe?,cart
aloe|blowtorch|chinchilla,Answer using only one word - blowtorch or chinchilla and not aloe. Which is more similar in semantic meaning to aloe?,chinchilla
aloe|blowtorch|crow,Answer using only one word - blowtorch or crow and not aloe. Which is more similar in semantic meaning to aloe?,crow
aloe|blowtorch|eggbeater,Answer using only one word - blowtorch or eggbeater and not aloe. Which is more similar in semantic meaning to aloe?,eggbeater
aloe|blowtorch|grenade,Answer using only one word - blowtorch or grenade and not aloe. Which is more similar in semantic meaning to aloe?,blowtorch
aloe|blueberry|boar,Answer using only one word - blueberry or boar and not aloe. Which is more similar in semantic meaning to aloe?,boar
aloe|blueberry|cactus,Answer using only one word - blueberry or cactus and not aloe. Which is more similar in semantic meaning to aloe?,Cactus
aloe|blueberry|carrot,Answer using only one word - blueberry or carrot and not aloe. Which is more similar in semantic meaning to aloe?,Carrot
aloe|blueberry|chili,Answer using only one word - blueberry or chili and not aloe. Which is more similar in semantic meaning to aloe?,Chili
aloe|blueberry|coconut,Answer using only one word - blueberry or coconut and not aloe. Which is more similar in semantic meaning to aloe?,Coconut
aloe|blueberry|eagle,Answer using only one word - blueberry or eagle and not aloe. Which is more similar in semantic meaning to aloe?,blueberry
aloe|blueberry|fly,Answer using only one word - blueberry or fly and not aloe. Which is more similar in semantic meaning to aloe?,fly
aloe|boa|boar,Answer using only one word - boa or boar and not aloe. Which is more similar in semantic meaning to aloe?,Boa
aloe|boa|cactus,Answer using only one word - boa or cactus and not aloe. Which is more similar in semantic meaning to aloe?,Cactus
aloe|boa|carrot,Answer using only one word - boa or carrot and not aloe. Which is more similar in semantic meaning to aloe?,carrot
aloe|boa|chili,Answer using only one word - boa or chili and not aloe. Which is more similar in semantic meaning to aloe?,chili
aloe|boa|coconut,Answer using only one word - boa or coconut and not aloe. Which is more similar in semantic meaning to aloe?,Coconut
aloe|boa|eagle,Answer using only one word - boa or eagle and not aloe. Which is more similar in semantic meaning to aloe?,boa
aloe|boa|fly,Answer using only one word - boa or fly and not aloe. Which is more similar in semantic meaning to aloe?,boa
aloe|boar|bread,Answer using only one word - boar or bread and not aloe. Which is more similar in semantic meaning to aloe?,boar
aloe|boar|candle,Answer using only one word - boar or candle and not aloe. Which is more similar in semantic meaning to aloe?,candle
aloe|boar|cart,Answer using only one word - boar or cart and not aloe. Which is more similar in semantic meaning to aloe?,Cart
aloe|boar|chinchilla,Answer using only one word - boar or chinchilla and not aloe. Which is more similar in semantic meaning to aloe?,Chinchilla
aloe|boar|crow,Answer using only one word - boar or crow and not aloe. Which is more similar in semantic meaning to aloe?,Crow
aloe|boar|eggbeater,Answer using only one word - boar or eggbeater and not aloe. Which is more similar in semantic meaning to aloe?,boar
aloe|boar|grenade,Answer using only one word - boar or grenade and not aloe. Which is more similar in semantic meaning to aloe?,boar
aloe|bread|bucket,Answer using only one word - bread or bucket and not aloe. Which is more similar in semantic meaning to aloe?,bucket
aloe|bread|cannon,Answer using only one word - bread or cannon and not aloe. Which is more similar in semantic meaning to aloe?,bread
aloe|bread|caterpillar,Answer using only one word - bread or caterpillar and not aloe. Which is more similar in semantic meaning to aloe?,caterpillar
aloe|bread|clarinet,Answer using only one word - bread or clarinet and not aloe. Which is more similar in semantic meaning to aloe?,bread
aloe|bread|dragonfly,Answer using only one word - bread or dragonfly and not aloe. Which is more similar in semantic meaning to aloe?,bread
aloe|bread|file,Answer using only one word - bread or file and not aloe. Which is more similar in semantic meaning to aloe?,file
aloe|bread|missile,Answer using only one word - bread or missile and not aloe. Which is more similar in semantic meaning to aloe?,bread
aloe|brussels sprouts|candle,Answer using only one word - brussels sprouts or candle and not aloe. Which is more similar in semantic meaning to aloe?,candle
aloe|brussels sprouts|cart,Answer using only one word - brussels sprouts or cart and not aloe. Which is more similar in semantic meaning to aloe?,brussels
aloe|brussels sprouts|chinchilla,Answer using only one word - brussels sprouts or chinchilla and not aloe. Which is more similar in semantic meaning to aloe?,Chinchilla
aloe|brussels sprouts|crow,Answer using only one word - brussels sprouts or crow and not aloe. Which is more similar in semantic meaning to aloe?,brussels sprouts
aloe|brussels sprouts|eggbeater,Answer using only one word - brussels sprouts or eggbeater and not aloe. Which is more similar in semantic meaning to aloe?,Brussels
aloe|brussels sprouts|grenade,Answer using only one word - brussels sprouts or grenade and not aloe. Which is more similar in semantic meaning to aloe?,brussels sprouts
aloe|bucket|cactus,Answer using only one word - bucket or cactus and not aloe. Which is more similar in semantic meaning to aloe?,cactus
aloe|bucket|carrot,Answer using only one word - bucket or carrot and not aloe. Which is more similar in semantic meaning to aloe?,carrot
aloe|bucket|chili,Answer using only one word - bucket or chili and not aloe. Which is more similar in semantic meaning to aloe?,chili
aloe|bucket|coconut,Answer using only one word - bucket or coconut and not aloe. Which is more similar in semantic meaning to aloe?,coconut
aloe|bucket|eagle,Answer using only one word - bucket or eagle and not aloe. Which is more similar in semantic meaning to aloe?,bucket
aloe|bucket|fly,Answer using only one word - bucket or fly and not aloe. Which is more similar in semantic meaning to aloe?,bucket
aloe|burrito|cactus,Answer using only one word - burrito or cactus and not aloe. Which is more similar in semantic meaning to aloe?,Cactus
aloe|burrito|carrot,Answer using only one word - burrito or carrot and not aloe. Which is more similar in semantic meaning to aloe?,carrot
aloe|burrito|chili,Answer using only one word - burrito or chili and not aloe. Which is more similar in semantic meaning to aloe?,chili
aloe|burrito|coconut,Answer using only one word - burrito or coconut and not aloe. Which is more similar in semantic meaning to aloe?,Coconut
aloe|burrito|eagle,Answer using only one word - burrito or eagle and not aloe. Which is more similar in semantic meaning to aloe?,Eagle
aloe|burrito|fly,Answer using only one word - burrito or fly and not aloe. Which is more similar in semantic meaning to aloe?,Fly
aloe|cactus|candle,Answer using only one word - cactus or candle and not aloe. Which is more similar in semantic meaning to aloe?,cactus
aloe|cactus|cart,Answer using only one word - cactus or cart and not aloe. Which is more similar in semantic meaning to aloe?,cactus
aloe|cactus|chinchilla,Answer using only one word - cactus or chinchilla and not aloe. Which is more similar in semantic meaning to aloe?,cactus
aloe|cactus|crow,Answer using only one word - cactus or crow and not aloe. Which is more similar in semantic meaning to aloe?,cactus
aloe|cactus|eggbeater,Answer using only one word - cactus or eggbeater and not aloe. Which is more similar in semantic meaning to aloe?,Cactus
aloe|cactus|grenade,Answer using only one word - cactus or grenade and not aloe. Which is more similar in semantic meaning to aloe?,cactus
aloe|candle|cannon,Answer using only one word - candle or cannon and not aloe. Which is more similar in semantic meaning to aloe?,candle
aloe|candle|caterpillar,Answer using only one word - candle or caterpillar and not aloe. Which is more similar in semantic meaning to aloe?,caterpillar
aloe|candle|clarinet,Answer using only one word - candle or clarinet and not aloe. Which is more similar in semantic meaning to aloe?,candle
aloe|candle|dragonfly,Answer using only one word - candle or dragonfly and not aloe. Which is more similar in semantic meaning to aloe?,candle
aloe|candle|file,Answer using only one word - candle or file and not aloe. Which is more similar in semantic meaning to aloe?,file
aloe|candle|missile,Answer using only one word - candle or missile and not aloe. Which is more similar in semantic meaning to aloe?,candle
aloe|candy|cart,Answer using only one word - candy or cart and not aloe. Which is more similar in semantic meaning to aloe?,candy
aloe|candy|chinchilla,Answer using only one word - candy or chinchilla and not aloe. Which is more similar in semantic meaning to aloe?,candy
aloe|candy|crow,Answer using only one word - candy or crow and not aloe. Which is more similar in semantic meaning to aloe?,candy
aloe|candy|eggbeater,Answer using only one word - candy or eggbeater and not aloe. Which is more similar in semantic meaning to aloe?,candy
aloe|candy|grenade,Answer using only one word - candy or grenade and not aloe. Which is more similar in semantic meaning to aloe?,candy
aloe|cannon|carrot,Answer using only one word - cannon or carrot and not aloe. Which is more similar in semantic meaning to aloe?,cannon
aloe|cannon|chili,Answer using only one word - cannon or chili and not aloe. Which is more similar in semantic meaning to aloe?,chili
aloe|cannon|coconut,Answer using only one word - cannon or coconut and not aloe. Which is more similar in semantic meaning to aloe?,Coconut
aloe|cannon|eagle,Answer using only one word - cannon or eagle and not aloe. Which is more similar in semantic meaning to aloe?,Eagle
aloe|cannon|fly,Answer using only one word - cannon or fly and not aloe. Which is more similar in semantic meaning to aloe?,cannon
aloe|car|carrot,Answer using only one word - car or carrot and not aloe. Which is more similar in semantic meaning to aloe?,carrot
aloe|car|chili,Answer using only one word - car or chili and not aloe. Which is more similar in semantic meaning to aloe?,chili
aloe|car|coconut,Answer using only one word - car or coconut and not aloe. Which is more similar in semantic meaning to aloe?,coconut
aloe|car|eagle,Answer using only one word - car or eagle and not aloe. Which is more similar in semantic meaning to aloe?,eagle
aloe|car|fly,Answer using only one word - car or fly and not aloe. Which is more similar in semantic meaning to aloe?,fly
aloe|carrot|cart,Answer using only one word - carrot or cart and not aloe. Which is more similar in semantic meaning to aloe?,carrot
aloe|carrot|chinchilla,Answer using only one word - carrot or chinchilla and not aloe. Which is more similar in semantic meaning to aloe?,carrot
aloe|carrot|crow,Answer using only one word - carrot or crow and not aloe. Which is more similar in semantic meaning to aloe?,carrot
aloe|carrot|eggbeater,Answer using only one word - carrot or eggbeater and not aloe. Which is more similar in semantic meaning to aloe?,carrot
aloe|carrot|grenade,Answer using only one word - carrot or grenade and not aloe. Which is more similar in semantic meaning to aloe?,carrot
aloe|cart|caterpillar,Answer using only one word - cart or caterpillar and not aloe. Which is more similar in semantic meaning to aloe?,caterpillar
aloe|cart|clarinet,Answer using only one word - cart or clarinet and not aloe. Which is more similar in semantic meaning to aloe?,Clarinet
aloe|cart|dragonfly,Answer using only one word - cart or dragonfly and not aloe. Which is more similar in semantic meaning to aloe?,cart
aloe|cart|file,Answer using only one word - cart or file and not aloe. Which is more similar in semantic meaning to aloe?,file
aloe|cart|missile,Answer using only one word - cart or missile and not aloe. Which is more similar in semantic meaning to aloe?,cart
aloe|cat|chinchilla,Answer using only one word - cat or chinchilla and not aloe. Which is more similar in semantic meaning to aloe?,chinchilla
aloe|cat|crow,Answer using only one word - cat or crow and not aloe. Which is more similar in semantic meaning to aloe?,crow
aloe|cat|eggbeater,Answer using only one word - cat or eggbeater and not aloe. Which is more similar in semantic meaning to aloe?,cat
aloe|cat|grenade,Answer using only one word - cat or grenade and not aloe. Which is more similar in semantic meaning to aloe?,cat
aloe|caterpillar|chili,Answer using only one word - caterpillar or chili and not aloe. Which is more similar in semantic meaning to aloe?,caterpillar
aloe|caterpillar|coconut,Answer using only one word - caterpillar or coconut and not aloe. Which is more similar in semantic meaning to aloe?,caterpillar
aloe|caterpillar|eagle,Answer using only one word - caterpillar or eagle and not aloe. Which is more similar in semantic meaning to aloe?,caterpillar
aloe|caterpillar|fly,Answer using only one word - caterpillar or fly and not aloe. Which is more similar in semantic meaning to aloe?,caterpillar
aloe|celery|chili,Answer using only one word - celery or chili and not aloe. Which is more similar in semantic meaning to aloe?,Celery
aloe|celery|coconut,Answer using only one word - celery or coconut and not aloe. Which is more similar in semantic meaning to aloe?,Coconut
aloe|celery|eagle,Answer using only one word - celery or eagle and not aloe. Which is more similar in semantic meaning to aloe?,Celery
aloe|celery|fly,Answer using only one word - celery or fly and not aloe. Which is more similar in semantic meaning to aloe?,celery
aloe|chili|chinchilla,Answer using only one word - chili or chinchilla and not aloe. Which is more similar in semantic meaning to aloe?,Chili
aloe|chili|crow,Answer using only one word - chili or crow and not aloe. Which is more similar in semantic meaning to aloe?,chili
aloe|chili|eggbeater,Answer using only one word - chili or eggbeater and not aloe. Which is more similar in semantic meaning to aloe?,chili
aloe|chili|grenade,Answer using only one word - chili or grenade and not aloe. Which is more similar in semantic meaning to aloe?,chili
aloe|chinchilla|clarinet,Answer using only one word - chinchilla or clarinet and not aloe. Which is more similar in semantic meaning to aloe?,Chinchilla
aloe|chinchilla|dragonfly,Answer using only one word - chinchilla or dragonfly and not aloe. Which is more similar in semantic meaning to aloe?,Chinchilla
aloe|chinchilla|file,Answer using only one word - chinchilla or file and not aloe. Which is more similar in semantic meaning to aloe?,file
aloe|chinchilla|missile,Answer using only one word - chinchilla or missile and not aloe. Which is more similar in semantic meaning to aloe?,Chinchilla
aloe|chisel|crow,Answer using only one word - chisel or crow and not aloe. Which is more similar in semantic meaning to aloe?,None
aloe|chisel|eggbeater,Answer using only one word - chisel or eggbeater and not aloe. Which is more similar in semantic meaning to aloe?,Chisel
aloe|chisel|grenade,Answer using only one word - chisel or grenade and not aloe. Which is more similar in semantic meaning to aloe?,Chisel
aloe|clarinet|coconut,Answer using only one word - clarinet or coconut and not aloe. Which is more similar in semantic meaning to aloe?,coconut
aloe|clarinet|eagle,Answer using only one word - clarinet or eagle and not aloe. Which is more similar in semantic meaning to aloe?,Eagle
aloe|clarinet|fly,Answer using only one word - clarinet or fly and not aloe. Which is more similar in semantic meaning to aloe?,Fly
aloe|coat|coconut,Answer using only one word - coat or coconut and not aloe. Which is more similar in semantic meaning to aloe?,Coat
aloe|coat|eagle,Answer using only one word - coat or eagle and not aloe. Which is more similar in semantic meaning to aloe?,coat
aloe|coat|fly,Answer using only one word - coat or fly and not aloe. Which is more similar in semantic meaning to aloe?,coat
aloe|coconut|crow,Answer using only one word - coconut or crow and not aloe. Which is more similar in semantic meaning to aloe?,Coconut
aloe|coconut|eggbeater,Answer using only one word - coconut or eggbeater and not aloe. Which is more similar in semantic meaning to aloe?,coconut
aloe|coconut|grenade,Answer using only one word - coconut or grenade and not aloe. Which is more similar in semantic meaning to aloe?,coconut
aloe|crow|dragonfly,Answer using only one word - crow or dragonfly and not aloe. Which is more similar in semantic meaning to aloe?,crow
aloe|crow|file,Answer using only one word - crow or file and not aloe. Which is more similar in semantic meaning to aloe?,file
aloe|crow|missile,Answer using only one word - crow or missile and not aloe. Which is more similar in semantic meaning to aloe?,Crow
aloe|crowbar|eggbeater,Answer using only one word - crowbar or eggbeater and not aloe. Which is more similar in semantic meaning to aloe?,crowbar
aloe|crowbar|grenade,Answer using only one word - crowbar or grenade and not aloe. Which is more similar in semantic meaning to aloe?,crowbar
aloe|dragonfly|eagle,Answer using only one word - dragonfly or eagle and not aloe. Which is more similar in semantic meaning to aloe?,Neither
aloe|dragonfly|fly,Answer using only one word - dragonfly or fly and not aloe. Which is more similar in semantic meaning to aloe?,fly
aloe|dress|eagle,Answer using only one word - dress or eagle and not aloe. Which is more similar in semantic meaning to aloe?,dress
aloe|dress|fly,Answer using only one word - dress or fly and not aloe. Which is more similar in semantic meaning to aloe?,dress
aloe|eagle|eggbeater,Answer using only one word - eagle or eggbeater and not aloe. Which is more similar in semantic meaning to aloe?,Eagle
aloe|eagle|grenade,Answer using only one word - eagle or grenade and not aloe. Which is more similar in semantic meaning to aloe?,Eagle
aloe|eggbeater|file,Answer using only one word - eggbeater or file and not aloe. Which is more similar in semantic meaning to aloe?,file
aloe|eggbeater|missile,Answer using only one word - eggbeater or missile and not aloe. Which is more similar in semantic meaning to aloe?,missile
aloe|fig|grenade,Answer using only one word - fig or grenade and not aloe. Which is more similar in semantic meaning to aloe?,fig
aloe|file|fly,Answer using only one word - file or fly and not aloe. Which is more similar in semantic meaning to aloe?,file
aloe|flute|fly,Answer using only one word - flute or fly and not aloe. Which is more similar in semantic meaning to aloe?,Flute
aloe|fly|grenade,Answer using only one word - fly or grenade and not aloe. Which is more similar in semantic meaning to aloe?,fly
aloe|grenade|missile,Answer using only one word - grenade or missile and not aloe. Which is more similar in semantic meaning to aloe?,Grenade
ant|anteater|anvil,Answer using only one word - anteater or anvil and not ant. Which is more similar in semantic meaning to ant?,anteater
ant|anteater|banjo,Answer using only one word - anteater or banjo and not ant. Which is more similar in semantic meaning to ant?,Anteater
ant|anteater|beet,Answer using only one word - anteater or beet and not ant. Which is more similar in semantic meaning to ant?,Beet
ant|anteater|blender,Answer using only one word - anteater or blender and not ant. Which is more similar in semantic meaning to ant?,anteater
ant|anteater|bread,Answer using only one word - anteater or bread and not ant. Which is more similar in semantic meaning to ant?,Anteater
ant|anteater|candle,Answer using only one word - anteater or candle and not ant. Which is more similar in semantic meaning to ant?,anteater
ant|anteater|cart,Answer using only one word - anteater or cart and not ant. Which is more similar in semantic meaning to ant?,anteater
ant|anteater|chinchilla,Answer using only one word - anteater or chinchilla and not ant. Which is more similar in semantic meaning to ant?,Anteater
ant|anteater|crow,Answer using only one word - anteater or crow and not ant. Which is more similar in semantic meaning to ant?,Anteater
ant|anteater|eggbeater,Answer using only one word - anteater or eggbeater and not ant. Which is more similar in semantic meaning to ant?,anteater
ant|anteater|grenade,Answer using only one word - anteater or grenade and not ant. Which is more similar in semantic meaning to ant?,anteater
ant|anvil|artichoke,Answer using only one word - anvil or artichoke and not ant. Which is more similar in semantic meaning to ant?,artichoke
ant|anvil|bat,Answer using only one word - anvil or bat and not ant. Which is more similar in semantic meaning to ant?,Anvil
ant|anvil|bell,Answer using only one word - anvil or bell and not ant. Which is more similar in semantic meaning to ant?,bell
ant|anvil|blueberry,Answer using only one word - anvil or blueberry and not ant. Which is more similar in semantic meaning to ant?,anvil
ant|anvil|bucket,Answer using only one word - anvil or bucket and not ant. Which is more similar in semantic meaning to ant?,bucket
ant|anvil|cannon,Answer using only one word - anvil or cannon and not ant. Which is more similar in semantic meaning to ant?,Anvil
ant|anvil|caterpillar,Answer using only one word - anvil or caterpillar and not ant. Which is more similar in semantic meaning to ant?,caterpillar
ant|anvil|clarinet,Answer using only one word - anvil or clarinet and not ant. Which is more similar in semantic meaning to ant?,anvil
ant|anvil|dragonfly,Answer using only one word - anvil or dragonfly and not ant. Which is more similar in semantic meaning to ant?,Anvil
ant|anvil|file,Answer using only one word - anvil or file and not ant. Which is more similar in semantic meaning to ant?,file
ant|anvil|missile,Answer using only one word - anvil or missile and not ant. Which is more similar in semantic meaning to ant?,Anvil
ant|apple|banjo,Answer using only one word - apple or banjo and not ant. Which is more similar in semantic meaning to ant?,apple
ant|apple|beet,Answer using only one word - apple or beet and not ant. Which is more similar in semantic meaning to ant?,beet
ant|apple|blender,Answer using only one word - apple or blender and not ant. Which is more similar in semantic meaning to ant?,apple
ant|apple|bread,Answer using only one word - apple or bread and not ant. Which is more similar in semantic meaning to ant?,bread
ant|apple|candle,Answer using only one word - apple or candle and not ant. Which is more similar in semantic meaning to ant?,candle
ant|apple|cart,Answer using only one word - apple or cart and not ant. Which is more similar in semantic meaning to ant?,cart
ant|apple|chinchilla,Answer using only one word - apple or chinchilla and not ant. Which is more similar in semantic meaning to ant?,chinchilla
ant|apple|crow,Answer using only one word - apple or crow and not ant. Which is more similar in semantic meaning to ant?,crow
ant|apple|eggbeater,Answer using only one word - apple or eggbeater and not ant. Which is more similar in semantic meaning to ant?,apple
ant|apple|grenade,Answer using only one word - apple or grenade and not ant. Which is more similar in semantic meaning to ant?,apple
ant|artichoke|banana,Answer using only one word - artichoke or banana and not ant. Which is more similar in semantic meaning to ant?,banana
ant|artichoke|bed,Answer using only one word - artichoke or bed and not ant. Which is more similar in semantic meaning to ant?,bed
ant|artichoke|bird,Answer using only one word - artichoke or bird and not ant. Which is more similar in semantic meaning to ant?,bird
ant|artichoke|boar,Answer using only one word - artichoke or boar and not ant. Which is more similar in semantic meaning to ant?,boar
ant|artichoke|cactus,Answer using only one word - artichoke or cactus and not ant. Which is more similar in semantic meaning to ant?,cactus
ant|artichoke|carrot,Answer using only one word - artichoke or carrot and not ant. Which is more similar in semantic meaning to ant?,carrot
ant|artichoke|chili,Answer using only one word - artichoke or chili and not ant. Which is more similar in semantic meaning to ant?,chili
ant|artichoke|coconut,Answer using only one word - artichoke or coconut and not ant. Which is more similar in semantic meaning to ant?,coconut
ant|artichoke|eagle,Answer using only one word - artichoke or eagle and not ant. Which is more similar in semantic meaning to ant?,artichoke
ant|artichoke|fly,Answer using only one word - artichoke or fly and not ant. Which is more similar in semantic meaning to ant?,fly
ant|bagel|banana,Answer using only one word - bagel or banana and not ant. Which is more similar in semantic meaning to ant?,banana
ant|bagel|bed,Answer using only one word - bagel or bed and not ant. Which is more similar in semantic meaning to ant?,bed
ant|bagel|bird,Answer using only one word - bagel or bird and not ant. Which is more similar in semantic meaning to ant?,bird
ant|bagel|boar,Answer using only one word - bagel or boar and not ant. Which is more similar in semantic meaning to ant?,boar
ant|bagel|cactus,Answer using only one word - bagel or cactus and not ant. Which is more similar in semantic meaning to ant?,cactus
ant|bagel|carrot,Answer using only one word - bagel or carrot and not ant. Which is more similar in semantic meaning to ant?,carrot
ant|bagel|chili,Answer using only one word - bagel or chili and not ant. Which is more similar in semantic meaning to ant?,chili
ant|bagel|coconut,Answer using only one word - bagel or coconut and not ant. Which is more similar in semantic meaning to ant?,coconut
ant|bagel|eagle,Answer using only one word - bagel or eagle and not ant. Which is more similar in semantic meaning to ant?,eagle
ant|bagel|fly,Answer using only one word - bagel or fly and not ant. Which is more similar in semantic meaning to ant?,fly
ant|banana|banjo,Answer using only one word - banana or banjo and not ant. Which is more similar in semantic meaning to ant?,banana
ant|banana|beet,Answer using only one word - banana or beet and not ant. Which is more similar in semantic meaning to ant?,beet
ant|banana|blender,Answer using only one word - banana or blender and not ant. Which is more similar in semantic meaning to ant?,banana
ant|banana|bread,Answer using only one word - banana or bread and not ant. Which is more similar in semantic meaning to ant?,bread
ant|banana|candle,Answer using only one word - banana or candle and not ant. Which is more similar in semantic meaning to ant?,candle
ant|banana|cart,Answer using only one word - banana or cart and not ant. Which is more similar in semantic meaning to ant?,banana
ant|banana|chinchilla,Answer using only one word - banana or chinchilla and not ant. Which is more similar in semantic meaning to ant?,chinchilla
ant|banana|crow,Answer using only one word - banana or crow and not ant. Which is more similar in semantic meaning to ant?,crow
ant|banana|eggbeater,Answer using only one word - banana or eggbeater and not ant. Which is more similar in semantic meaning to ant?,banana
ant|banana|grenade,Answer using only one word - banana or grenade and not ant. Which is more similar in semantic meaning to ant?,banana
ant|banjo|bat,Answer using only one word - banjo or bat and not ant. Which is more similar in semantic meaning to ant?,bat
ant|banjo|bell,Answer using only one word - banjo or bell and not ant. Which is more similar in semantic meaning to ant?,bell
ant|banjo|blueberry,Answer using only one word - banjo or blueberry and not ant. Which is more similar in semantic meaning to ant?,blueberry
ant|banjo|bucket,Answer using only one word - banjo or bucket and not ant. Which is more similar in semantic meaning to ant?,bucket
ant|banjo|cannon,Answer using only one word - banjo or cannon and not ant. Which is more similar in semantic meaning to ant?,banjo
ant|banjo|caterpillar,Answer using only one word - banjo or caterpillar and not ant. Which is more similar in semantic meaning to ant?,caterpillar
ant|banjo|clarinet,Answer using only one word - banjo or clarinet and not ant. Which is more similar in semantic meaning to ant?,banjo
ant|banjo|dragonfly,Answer using only one word - banjo or dragonfly and not ant. Which is more similar in semantic meaning to ant?,dragonfly
ant|banjo|file,Answer using only one word - banjo or file and not ant. Which is more similar in semantic meaning to ant?,file
ant|banjo|missile,Answer using only one word - banjo or missile and not ant. Which is more similar in semantic meaning to ant?,banjo
ant|barrel|beet,Answer using only one word - barrel or beet and not ant. Which is more similar in semantic meaning to ant?,beet
ant|barrel|blender,Answer using only one word - barrel or blender and not ant. Which is more similar in semantic meaning to ant?,blender
ant|barrel|bread,Answer using only one word - barrel or bread and not ant. Which is more similar in semantic meaning to ant?,barrel
ant|barrel|candle,Answer using only one word - barrel or candle and not ant. Which is more similar in semantic meaning to ant?,candle
ant|barrel|cart,Answer using only one word - barrel or cart and not ant. Which is more similar in semantic meaning to ant?,cart
ant|barrel|chinchilla,Answer using only one word - barrel or chinchilla and not ant. Which is more similar in semantic meaning to ant?,chinchilla
ant|barrel|crow,Answer using only one word - barrel or crow and not ant. Which is more similar in semantic meaning to ant?,crow
ant|barrel|eggbeater,Answer using only one word - barrel or eggbeater and not ant. Which is more similar in semantic meaning to ant?,barrel
ant|barrel|grenade,Answer using only one word - barrel or grenade and not ant. Which is more similar in semantic meaning to ant?,barrel
ant|bat|bed,Answer using only one word - bat or bed and not ant. Which is more similar in semantic meaning to ant?,bed
ant|bat|bird,Answer using only one word - bat or bird and not ant. Which is more similar in semantic meaning to ant?,bird
ant|bat|boar,Answer using only one word - bat or boar and not ant. Which is more similar in semantic meaning to ant?,boar
ant|bat|cactus,Answer using only one word - bat or cactus and not ant. Which is more similar in semantic meaning to ant?,cactus
ant|bat|carrot,Answer using only one word - bat or carrot and not ant. Which is more similar in semantic meaning to ant?,carrot
ant|bat|chili,Answer using only one word - bat or chili and not ant. Which is more similar in semantic meaning to ant?,chili
ant|bat|coconut,Answer using only one word - bat or coconut and not ant. Which is more similar in semantic meaning to ant?,coconut
ant|bat|eagle,Answer using only one word - bat or eagle and not ant. Which is more similar in semantic meaning to ant?,eagle
ant|bat|fly,Answer using only one word - bat or fly and not ant. Which is more similar in semantic meaning to ant?,fly
ant|beaver|bed,Answer using only one word - beaver or bed and not ant. Which is more similar in semantic meaning to ant?,beaver
ant|beaver|bird,Answer using only one word - beaver or bird and not ant. Which is more similar in semantic meaning to ant?,beaver
ant|beaver|boar,Answer using only one word - beaver or boar and not ant. Which is more similar in semantic meaning to ant?,beaver
ant|beaver|cactus,Answer using only one word - beaver or cactus and not ant. Which is more similar in semantic meaning to ant?,beaver
ant|beaver|carrot,Answer using only one word - beaver or carrot and not ant. Which is more similar in semantic meaning to ant?,beaver
ant|beaver|chili,Answer using only one word - beaver or chili and not ant. Which is more similar in semantic meaning to ant?,beaver
ant|beaver|coconut,Answer using only one word - beaver or coconut and not ant. Which is more similar in semantic meaning to ant?,beaver
ant|beaver|eagle,Answer using only one word - beaver or eagle and not ant. Which is more similar in semantic meaning to ant?,beaver
ant|beaver|fly,Answer using only one word - beaver or fly and not ant. Which is more similar in semantic meaning to ant?,beaver
ant|bed|beet,Answer using only one word - bed or beet and not ant. Which is more similar in semantic meaning to ant?,bed
ant|bed|blender,Answer using only one word - bed or blender and not ant. Which is more similar in semantic meaning to ant?,bed
ant|bed|bread,Answer using only one word - bed or bread and not ant. Which is more similar in semantic meaning to ant?,bed
ant|bed|candle,Answer using only one word - bed or candle and not ant. Which is more similar in semantic meaning to ant?,candle
ant|bed|cart,Answer using only one word - bed or cart and not ant. Which is more similar in semantic meaning to ant?,cart
ant|bed|chinchilla,Answer using only one word - bed or chinchilla and not ant. Which is more similar in semantic meaning to ant?,chinchilla
ant|bed|crow,Answer using only one word - bed or crow and not ant. Which is more similar in semantic meaning to ant?,bed
ant|bed|eggbeater,Answer using only one word - bed or eggbeater and not ant. Which is more similar in semantic meaning to ant?,bed
ant|bed|grenade,Answer using only one word - bed or grenade and not ant. Which is more similar in semantic meaning to ant?,bed
ant|beet|bell,Answer using only one word - beet or bell and not ant. Which is more similar in semantic meaning to ant?,bell
ant|beet|blueberry,Answer using only one word - beet or blueberry and not ant. Which is more similar in semantic meaning to ant?,beet
ant|beet|bucket,Answer using only one word - beet or bucket and not ant. Which is more similar in semantic meaning to ant?,bucket
ant|beet|cannon,Answer using only one word - beet or cannon and not ant. Which is more similar in semantic meaning to ant?,cannon
ant|beet|caterpillar,Answer using only one word - beet or caterpillar and not ant. Which is more similar in semantic meaning to ant?,caterpillar
ant|beet|clarinet,Answer using only one word - beet or clarinet and not ant. Which is more similar in semantic meaning to ant?,Beet
ant|beet|dragonfly,Answer using only one word - beet or dragonfly and not ant. Which is more similar in semantic meaning to ant?,beet
ant|beet|file,Answer using only one word - beet or file and not ant. Which is more similar in semantic meaning to ant?,file
ant|beet|missile,Answer using only one word - beet or missile and not ant. Which is more similar in semantic meaning to ant?,beet
ant|beetle|blender,Answer using only one word - beetle or blender and not ant. Which is more similar in semantic meaning to ant?,beetle
ant|beetle|bread,Answer using only one word - beetle or bread and not ant. Which is more similar in semantic meaning to ant?,beetle
ant|beetle|candle,Answer using only one word - beetle or candle and not ant. Which is more similar in semantic meaning to ant?,beetle
ant|beetle|cart,Answer using only one word - beetle or cart and not ant. Which is more similar in semantic meaning to ant?,beetle
ant|beetle|chinchilla,Answer using only one word - beetle or chinchilla and not ant. Which is more similar in semantic meaning to ant?,beetle
ant|beetle|crow,Answer using only one word - beetle or crow and not ant. Which is more similar in semantic meaning to ant?,beetle
ant|beetle|eggbeater,Answer using only one word - beetle or eggbeater and not ant. Which is more similar in semantic meaning to ant?,beetle
ant|beetle|grenade,Answer using only one word - beetle or grenade and not ant. Which is more similar in semantic meaning to ant?,beetle
ant|bell|bird,Answer using only one word - bell or bird and not ant. Which is more similar in semantic meaning to ant?,bird
ant|bell|boar,Answer using only one word - bell or boar and not ant. Which is more similar in semantic meaning to ant?,boar
ant|bell|cactus,Answer using only one word - bell or cactus and not ant. Which is more similar in semantic meaning to ant?,cactus
ant|bell|carrot,Answer using only one word - bell or carrot and not ant. Which is more similar in semantic meaning to ant?,carrot
ant|bell|chili,Answer using only one word - bell or chili and not ant. Which is more similar in semantic meaning to ant?,chili
ant|bell|coconut,Answer using only one word - bell or coconut and not ant. Which is more similar in semantic meaning to ant?,coconut
ant|bell|eagle,Answer using only one word - bell or eagle and not ant. Which is more similar in semantic meaning to ant?,bell
ant|bell|fly,Answer using only one word - bell or fly and not ant. Which is more similar in semantic meaning to ant?,fly
ant|belt|bird,Answer using only one word - belt or bird and not ant. Which is more similar in semantic meaning to ant?,belt
ant|belt|boar,Answer using only one word - belt or boar and not ant. Which is more similar in semantic meaning to ant?,boar
ant|belt|cactus,Answer using only one word - belt or cactus and not ant. Which is more similar in semantic meaning to ant?,belt
ant|belt|carrot,Answer using only one word - belt or carrot and not ant. Which is more similar in semantic meaning to ant?,carrot
ant|belt|chili,Answer using only one word - belt or chili and not ant. Which is more similar in semantic meaning to ant?,belt
ant|belt|coconut,Answer using only one word - belt or coconut and not ant. Which is more similar in semantic meaning to ant?,belt
ant|belt|eagle,Answer using only one word - belt or eagle and not ant. Which is more similar in semantic meaning to ant?,belt
ant|belt|fly,Answer using only one word - belt or fly and not ant. Which is more similar in semantic meaning to ant?,belt
ant|bird|blender,Answer using only one word - bird or blender and not ant. Which is more similar in semantic meaning to ant?,bird
ant|bird|bread,Answer using only one word - bird or bread and not ant. Which is more similar in semantic meaning to ant?,bird
ant|bird|candle,Answer using only one word - bird or candle and not ant. Which is more similar in semantic meaning to ant?,bird
ant|bird|cart,Answer using only one word - bird or cart and not ant. Which is more similar in semantic meaning to ant?,cart
ant|bird|chinchilla,Answer using only one word - bird or chinchilla and not ant. Which is more similar in semantic meaning to ant?,chinchilla
ant|bird|crow,Answer using only one word - bird or crow and not ant. Which is more similar in semantic meaning to ant?,bird
ant|bird|eggbeater,Answer using only one word - bird or eggbeater and not ant. Which is more similar in semantic meaning to ant?,bird
ant|bird|grenade,Answer using only one word - bird or grenade and not ant. Which is more similar in semantic meaning to ant?,bird
ant|blender|blueberry,Answer using only one word - blender or blueberry and not ant. Which is more similar in semantic meaning to ant?,blender
ant|blender|bucket,Answer using only one word - blender or bucket and not ant. Which is more similar in semantic meaning to ant?,bucket
ant|blender|cannon,Answer using only one word - blender or cannon and not ant. Which is more similar in semantic meaning to ant?,blender
ant|blender|caterpillar,Answer using only one word - blender or caterpillar and not ant. Which is more similar in semantic meaning to ant?,caterpillar
ant|blender|clarinet,Answer using only one word - blender or clarinet and not ant. Which is more similar in semantic meaning to ant?,clarinet
ant|blender|dragonfly,Answer using only one word - blender or dragonfly and not ant. Which is more similar in semantic meaning to ant?,dragonfly
ant|blender|file,Answer using only one word - blender or file and not ant. Which is more similar in semantic meaning to ant?,file
ant|blender|missile,Answer using only one word - blender or missile and not ant. Which is more similar in semantic meaning to ant?,blender
ant|blowtorch|bread,Answer using only one word - blowtorch or bread and not ant. Which is more similar in semantic meaning to ant?,bread
ant|blowtorch|candle,Answer using only one word - blowtorch or candle and not ant. Which is more similar in semantic meaning to ant?,candle
ant|blowtorch|cart,Answer using only one word - blowtorch or cart and not ant. Which is more similar in semantic meaning to ant?,cart
ant|blowtorch|chinchilla,Answer using only one word - blowtorch or chinchilla and not ant. Which is more similar in semantic meaning to ant?,chinchilla
ant|blowtorch|crow,Answer using only one word - blowtorch or crow and not ant. Which is more similar in semantic meaning to ant?,crow
ant|blowtorch|eggbeater,Answer using only one word - blowtorch or eggbeater and not ant. Which is more similar in semantic meaning to ant?,eggbeater
ant|blowtorch|grenade,Answer using only one word - blowtorch or grenade and not ant. Which is more similar in semantic meaning to ant?,blowtorch
ant|blueberry|boar,Answer using only one word - blueberry or boar and not ant. Which is more similar in semantic meaning to ant?,boar
ant|blueberry|cactus,Answer using only one word - blueberry or cactus and not ant. Which is more similar in semantic meaning to ant?,cactus
ant|blueberry|carrot,Answer using only one word - blueberry or carrot and not ant. Which is more similar in semantic meaning to ant?,carrot
ant|blueberry|chili,Answer using only one word - blueberry or chili and not ant. Which is more similar in semantic meaning to ant?,chili
ant|blueberry|coconut,Answer using only one word - blueberry or coconut and not ant. Which is more similar in semantic meaning to ant?,coconut
ant|blueberry|eagle,Answer using only one word - blueberry or eagle and not ant. Which is more similar in semantic meaning to ant?,eagle
ant|blueberry|fly,Answer using only one word - blueberry or fly and not ant. Which is more similar in semantic meaning to ant?,fly
ant|boa|boar,Answer using only one word - boa or boar and not ant. Which is more similar in semantic meaning to ant?,boar
ant|boa|cactus,Answer using only one word - boa or cactus and not ant. Which is more similar in semantic meaning to ant?,cactus
ant|boa|carrot,Answer using only one word - boa or carrot and not ant. Which is more similar in semantic meaning to ant?,carrot
ant|boa|chili,Answer using only one word - boa or chili and not ant. Which is more similar in semantic meaning to ant?,chili
ant|boa|coconut,Answer using only one word - boa or coconut and not ant. Which is more similar in semantic meaning to ant?,Coconut
ant|boa|eagle,Answer using only one word - boa or eagle and not ant. Which is more similar in semantic meaning to ant?,boa
ant|boa|fly,Answer using only one word - boa or fly and not ant. Which is more similar in semantic meaning to ant?,fly
ant|boar|bread,Answer using only one word - boar or bread and not ant. Which is more similar in semantic meaning to ant?,boar
ant|boar|candle,Answer using only one word - boar or candle and not ant. Which is more similar in semantic meaning to ant?,boar
ant|boar|cart,Answer using only one word - boar or cart and not ant. Which is more similar in semantic meaning to ant?,boar
ant|boar|chinchilla,Answer using only one word - boar or chinchilla and not ant. Which is more similar in semantic meaning to ant?,Chinchilla
ant|boar|crow,Answer using only one word - boar or crow and not ant. Which is more similar in semantic meaning to ant?,boar
ant|boar|eggbeater,Answer using only one word - boar or eggbeater and not ant. Which is more similar in semantic meaning to ant?,boar
ant|boar|grenade,Answer using only one word - boar or grenade and not ant. Which is more similar in semantic meaning to ant?,boar
ant|bread|bucket,Answer using only one word - bread or bucket and not ant. Which is more similar in semantic meaning to ant?,bucket
ant|bread|cannon,Answer using only one word - bread or cannon and not ant. Which is more similar in semantic meaning to ant?,bread
ant|bread|caterpillar,Answer using only one word - bread or caterpillar and not ant. Which is more similar in semantic meaning to ant?,caterpillar
ant|bread|clarinet,Answer using only one word - bread or clarinet and not ant. Which is more similar in semantic meaning to ant?,bread
ant|bread|dragonfly,Answer using only one word - bread or dragonfly and not ant. Which is more similar in semantic meaning to ant?,bread
ant|bread|file,Answer using only one word - bread or file and not ant. Which is more similar in semantic meaning to ant?,file
ant|bread|missile,Answer using only one word - bread or missile and not ant. Which is more similar in semantic meaning to ant?,bread
ant|brussels sprouts|candle,Answer using only one word - brussels sprouts or candle and not ant. Which is more similar in semantic meaning to ant?,candle
ant|brussels sprouts|cart,Answer using only one word - brussels sprouts or cart and not ant. Which is more similar in semantic meaning to ant?,Cart
ant|brussels sprouts|chinchilla,Answer using only one word - brussels sprouts or chinchilla and not ant. Which is more similar in semantic meaning to ant?,Chinchilla
ant|brussels sprouts|crow,Answer using only one word - brussels sprouts or crow and not ant. Which is more similar in semantic meaning to ant?,Crow
ant|brussels sprouts|eggbeater,Answer using only one word - brussels sprouts or eggbeater and not ant. Which is more similar in semantic meaning to ant?,Brussels sprouts
ant|brussels sprouts|grenade,Answer using only one word - brussels sprouts or grenade and not ant. Which is more similar in semantic meaning to ant?,Grenade
ant|bucket|cactus,Answer using only one word - bucket or cactus and not ant. Which is more similar in semantic meaning to ant?,cactus
ant|bucket|carrot,Answer using only one word - bucket or carrot and not ant. Which is more similar in semantic meaning to ant?,carrot
ant|bucket|chili,Answer using only one word - bucket or chili and not ant. Which is more similar in semantic meaning to ant?,bucket
ant|bucket|coconut,Answer using only one word - bucket or coconut and not ant. Which is more similar in semantic meaning to ant?,bucket
ant|bucket|eagle,Answer using only one word - bucket or eagle and not ant. Which is more similar in semantic meaning to ant?,bucket
ant|bucket|fly,Answer using only one word - bucket or fly and not ant. Which is more similar in semantic meaning to ant?,fly
ant|burrito|cactus,Answer using only one word - burrito or cactus and not ant. Which is more similar in semantic meaning to ant?,cactus
ant|burrito|carrot,Answer using only one word - burrito or carrot and not ant. Which is more similar in semantic meaning to ant?,carrot
ant|burrito|chili,Answer using only one word - burrito or chili and not ant. Which is more similar in semantic meaning to ant?,chili
ant|burrito|coconut,Answer using only one word - burrito or coconut and not ant. Which is more similar in semantic meaning to ant?,coconut
ant|burrito|eagle,Answer using only one word - burrito or eagle and not ant. Which is more similar in semantic meaning to ant?,burrito
ant|burrito|fly,Answer using only one word - burrito or fly and not ant. Which is more similar in semantic meaning to ant?,fly
ant|cactus|candle,Answer using only one word - cactus or candle and not ant. Which is more similar in semantic meaning to ant?,cactus
ant|cactus|cart,Answer using only one word - cactus or cart and not ant. Which is more similar in semantic meaning to ant?,cactus
ant|cactus|chinchilla,Answer using only one word - cactus or chinchilla and not ant. Which is more similar in semantic meaning to ant?,cactus
ant|cactus|crow,Answer using only one word - cactus or crow and not ant. Which is more similar in semantic meaning to ant?,cactus
ant|cactus|eggbeater,Answer using only one word - cactus or eggbeater and not ant. Which is more similar in semantic meaning to ant?,cactus
ant|cactus|grenade,Answer using only one word - cactus or grenade and not ant. Which is more similar in semantic meaning to ant?,cactus
ant|candle|cannon,Answer using only one word - candle or cannon and not ant. Which is more similar in semantic meaning to ant?,candle
ant|candle|caterpillar,Answer using only one word - candle or caterpillar and not ant. Which is more similar in semantic meaning to ant?,caterpillar
ant|candle|clarinet,Answer using only one word - candle or clarinet and not ant. Which is more similar in semantic meaning to ant?,candle
ant|candle|dragonfly,Answer using only one word - candle or dragonfly and not ant. Which is more similar in semantic meaning to ant?,candle
ant|candle|file,Answer using only one word - candle or file and not ant. Which is more similar in semantic meaning to ant?,file
ant|candle|missile,Answer using only one word - candle or missile and not ant. Which is more similar in semantic meaning to ant?,candle
ant|candy|cart,Answer using only one word - candy or cart and not ant. Which is more similar in semantic meaning to ant?,cart
ant|candy|chinchilla,Answer using only one word - candy or chinchilla and not ant. Which is more similar in semantic meaning to ant?,candy
ant|candy|crow,Answer using only one word - candy or crow and not ant. Which is more similar in semantic meaning to ant?,candy
ant|candy|eggbeater,Answer using only one word - candy or eggbeater and not ant. Which is more similar in semantic meaning to ant?,eggbeater
ant|candy|grenade,Answer using only one word - candy or grenade and not ant. Which is more similar in semantic meaning to ant?,candy
ant|cannon|carrot,Answer using only one word - cannon or carrot and not ant. Which is more similar in semantic meaning to ant?,cannon
ant|cannon|chili,Answer using only one word - cannon or chili and not ant. Which is more similar in semantic meaning to ant?,chili
ant|cannon|coconut,Answer using only one word - cannon or coconut and not ant. Which is more similar in semantic meaning to ant?,coconut
ant|cannon|eagle,Answer using only one word - cannon or eagle and not ant. Which is more similar in semantic meaning to ant?,Eagle
ant|cannon|fly,Answer using only one word - cannon or fly and not ant. Which is more similar in semantic meaning to ant?,fly
ant|car|carrot,Answer using only one word - car or carrot and not ant. Which is more similar in semantic meaning to ant?,carrot
ant|car|chili,Answer using only one word - car or chili and not ant. Which is more similar in semantic meaning to ant?,chili
ant|car|coconut,Answer using only one word - car or coconut and not ant. Which is more similar in semantic meaning to ant?,coconut
ant|car|eagle,Answer using only one word - car or eagle and not ant. Which is more similar in semantic meaning to ant?,eagle
ant|car|fly,Answer using only one word - car or fly and not ant. Which is more similar in semantic meaning to ant?,fly
ant|carrot|cart,Answer using only one word - carrot or cart and not ant. Which is more similar in semantic meaning to ant?,carrot
ant|carrot|chinchilla,Answer using only one word - carrot or chinchilla and not ant. Which is more similar in semantic meaning to ant?,chinchilla
ant|carrot|crow,Answer using only one word - carrot or crow and not ant. Which is more similar in semantic meaning to ant?,crow
ant|carrot|eggbeater,Answer using only one word - carrot or eggbeater and not ant. Which is more similar in semantic meaning to ant?,carrot
ant|carrot|grenade,Answer using only one word - carrot or grenade and not ant. Which is more similar in semantic meaning to ant?,carrot
ant|cart|caterpillar,Answer using only one word - cart or caterpillar and not ant. Which is more similar in semantic meaning to ant?,caterpillar
ant|cart|clarinet,Answer using only one word - cart or clarinet and not ant. Which is more similar in semantic meaning to ant?,cart
ant|cart|dragonfly,Answer using only one word - cart or dragonfly and not ant. Which is more similar in semantic meaning to ant?,dragonfly
ant|cart|file,Answer using only one word - cart or file and not ant. Which is more similar in semantic meaning to ant?,file
ant|cart|missile,Answer using only one word - cart or missile and not ant. Which is more similar in semantic meaning to ant?,cart
ant|cat|chinchilla,Answer using only one word - cat or chinchilla and not ant. Which is more similar in semantic meaning to ant?,chinchilla
ant|cat|crow,Answer using only one word - cat or crow and not ant. Which is more similar in semantic meaning to ant?,crow
ant|cat|eggbeater,Answer using only one word - cat or eggbeater and not ant. Which is more similar in semantic meaning to ant?,eggbeater
ant|cat|grenade,Answer using only one word - cat or grenade and not ant. Which is more similar in semantic meaning to ant?,cat
ant|caterpillar|chili,Answer using only one word - caterpillar or chili and not ant. Which is more similar in semantic meaning to ant?,caterpillar
ant|caterpillar|coconut,Answer using only one word - caterpillar or coconut and not ant. Which is more similar in semantic meaning to ant?,caterpillar
ant|caterpillar|eagle,Answer using only one word - caterpillar or eagle and not ant. Which is more similar in semantic meaning to ant?,caterpillar
ant|caterpillar|fly,Answer using only one word - caterpillar or fly and not ant. Which is more similar in semantic meaning to ant?,caterpillar
ant|celery|chili,Answer using only one word - celery or chili and not ant. Which is more similar in semantic meaning to ant?,celery
ant|celery|coconut,Answer using only one word - celery or coconut and not ant. Which is more similar in semantic meaning to ant?,Coconut
ant|celery|eagle,Answer using only one word - celery or eagle and not ant. Which is more similar in semantic meaning to ant?,celery
ant|celery|fly,Answer using only one word - celery or fly and not ant. Which is more similar in semantic meaning to ant?,fly
ant|chili|chinchilla,Answer using only one word - chili or chinchilla and not ant. Which is more similar in semantic meaning to ant?,chili
ant|chili|crow,Answer using only one word - chili or crow and not ant. Which is more similar in semantic meaning to ant?,chili
ant|chili|eggbeater,Answer using only one word - chili or eggbeater and not ant. Which is more similar in semantic meaning to ant?,chili
ant|chili|grenade,Answer using only one word - chili or grenade and not ant. Which is more similar in semantic meaning to ant?,grenade
ant|chinchilla|clarinet,Answer using only one word - chinchilla or clarinet and not ant. Which is more similar in semantic meaning to ant?,Chinchilla
ant|chinchilla|dragonfly,Answer using only one word - chinchilla or dragonfly and not ant. Which is more similar in semantic meaning to ant?,Chinchilla
ant|chinchilla|file,Answer using only one word - chinchilla or file and not ant. Which is more similar in semantic meaning to ant?,file
ant|chinchilla|missile,Answer using only one word - chinchilla or missile and not ant. Which is more similar in semantic meaning to ant?,Chinchilla
ant|chisel|crow,Answer using only one word - chisel or crow and not ant. Which is more similar in semantic meaning to ant?,Crow
ant|chisel|eggbeater,Answer using only one word - chisel or eggbeater and not ant. Which is more similar in semantic meaning to ant?,Chisel
ant|chisel|grenade,Answer using only one word - chisel or grenade and not ant. Which is more similar in semantic meaning to ant?,Chisel
ant|clarinet|coconut,Answer using only one word - clarinet or coconut and not ant. Which is more similar in semantic meaning to ant?,coconut
ant|clarinet|eagle,Answer using only one word - clarinet or eagle and not ant. Which is more similar in semantic meaning to ant?,eagle
ant|clarinet|fly,Answer using only one word - clarinet or fly and not ant. Which is more similar in semantic meaning to ant?,fly
ant|coat|coconut,Answer using only one word - coat or coconut and not ant. Which is more similar in semantic meaning to ant?,coat
ant|coat|eagle,Answer using only one word - coat or eagle and not ant. Which is more similar in semantic meaning to ant?,coat
ant|coat|fly,Answer using only one word - coat or fly and not ant. Which is more similar in semantic meaning to ant?,fly
ant|coconut|crow,Answer using only one word - coconut or crow and not ant. Which is more similar in semantic meaning to ant?,coconut
ant|coconut|eggbeater,Answer using only one word - coconut or eggbeater and not ant. Which is more similar in semantic meaning to ant?,coconut
ant|coconut|grenade,Answer using only one word - coconut or grenade and not ant. Which is more similar in semantic meaning to ant?,coconut
ant|crow|dragonfly,Answer using only one word - crow or dragonfly and not ant. Which is more similar in semantic meaning to ant?,crow
ant|crow|file,Answer using only one word - crow or file and not ant. Which is more similar in semantic meaning to ant?,file
ant|crow|missile,Answer using only one word - crow or missile and not ant. Which is more similar in semantic meaning to ant?,crow
ant|crowbar|eggbeater,Answer using only one word - crowbar or eggbeater and not ant. Which is more similar in semantic meaning to ant?,crowbar
ant|crowbar|grenade,Answer using only one word - crowbar or grenade and not ant. Which is more similar in semantic meaning to ant?,crowbar
ant|dragonfly|eagle,Answer using only one word - dragonfly or eagle and not ant. Which is more similar in semantic meaning to ant?,dragonfly
ant|dragonfly|fly,Answer using only one word - dragonfly or fly and not ant. Which is more similar in semantic meaning to ant?,fly
ant|dress|eagle,Answer using only one word - dress or eagle and not ant. Which is more similar in semantic meaning to ant?,dress
ant|dress|fly,Answer using only one word - dress or fly and not ant. Which is more similar in semantic meaning to ant?,fly
ant|eagle|eggbeater,Answer using only one word - eagle or eggbeater and not ant. Which is more similar in semantic meaning to ant?,eagle
ant|eagle|grenade,Answer using only one word - eagle or grenade and not ant. Which is more similar in semantic meaning to ant?,eagle
ant|eggbeater|file,Answer using only one word - eggbeater or file and not ant. Which is more similar in semantic meaning to ant?,file
ant|eggbeater|missile,Answer using only one word - eggbeater or missile and not ant. Which is more similar in semantic meaning to ant?,eggbeater
ant|fig|grenade,Answer using only one word - fig or grenade and not ant. Which is more similar in semantic meaning to ant?,fig
ant|file|fly,Answer using only one word - file or fly and not ant. Which is more similar in semantic meaning to ant?,file
ant|flute|fly,Answer using only one word - flute or fly and not ant. Which is more similar in semantic meaning to ant?,fly
ant|fly|grenade,Answer using only one word - fly or grenade and not ant. Which is more similar in semantic meaning to ant?,fly
ant|grenade|missile,Answer using only one word - grenade or missile and not ant. Which is more similar in semantic meaning to ant?,Grenade
anteater|anvil|apple,Answer using only one word - anvil or apple and not anteater. Which is more similar in semantic meaning to anteater?,anvil
anteater|anvil|barrel,Answer using only one word - anvil or barrel and not anteater. Which is more similar in semantic meaning to anteater?,barrel
anteater|anvil|beetle,Answer using only one word - anvil or beetle and not anteater. Which is more similar in semantic meaning to anteater?,beetle
anteater|anvil|blowtorch,Answer using only one word - anvil or blowtorch and not anteater. Which is more similar in semantic meaning to anteater?,anvil
anteater|anvil|brussels sprouts,Answer using only one word - anvil or brussels sprouts and not anteater. Which is more similar in semantic meaning to anteater?,Brussels
anteater|anvil|candy,Answer using only one word - anvil or candy and not anteater. Which is more similar in semantic meaning to anteater?,candy
anteater|anvil|cat,Answer using only one word - anvil or cat and not anteater. Which is more similar in semantic meaning to anteater?,anvil
anteater|anvil|chisel,Answer using only one word - anvil or chisel and not anteater. Which is more similar in semantic meaning to anteater?,chisel
anteater|anvil|crowbar,Answer using only one word - anvil or crowbar and not anteater. Which is more similar in semantic meaning to anteater?,anvil
anteater|anvil|fig,Answer using only one word - anvil or fig and not anteater. Which is more similar in semantic meaning to anteater?,fig
anteater|anvil|jeans,Answer using only one word - anvil or jeans and not anteater. Which is more similar in semantic meaning to anteater?,Anvil
anteater|apple|banana,Answer using only one word - apple or banana and not anteater. Which is more similar in semantic meaning to anteater?,banana
anteater|apple|bed,Answer using only one word - apple or bed and not anteater. Which is more similar in semantic meaning to anteater?,apple
anteater|apple|bird,Answer using only one word - apple or bird and not anteater. Which is more similar in semantic meaning to anteater?,bird
anteater|apple|boar,Answer using only one word - apple or boar and not anteater. Which is more similar in semantic meaning to anteater?,boar
anteater|apple|cactus,Answer using only one word - apple or cactus and not anteater. Which is more similar in semantic meaning to anteater?,cactus
anteater|apple|carrot,Answer using only one word - apple or carrot and not anteater. Which is more similar in semantic meaning to anteater?,apple
anteater|apple|chili,Answer using only one word - apple or chili and not anteater. Which is more similar in semantic meaning to anteater?,chili
anteater|apple|coconut,Answer using only one word - apple or coconut and not anteater. Which is more similar in semantic meaning to anteater?,apple
anteater|apple|eagle,Answer using only one word - apple or eagle and not anteater. Which is more similar in semantic meaning to anteater?,apple
anteater|apple|fly,Answer using only one word - apple or fly and not anteater. Which is more similar in semantic meaning to anteater?,apple
anteater|artichoke|bagel,Answer using only one word - artichoke or bagel and not anteater. Which is more similar in semantic meaning to anteater?,artichoke
anteater|artichoke|beaver,Answer using only one word - artichoke or beaver and not anteater. Which is more similar in semantic meaning to anteater?,beaver
anteater|artichoke|belt,Answer using only one word - artichoke or belt and not anteater. Which is more similar in semantic meaning to anteater?,belt
anteater|artichoke|boa,Answer using only one word - artichoke or boa and not anteater. Which is more similar in semantic meaning to anteater?,boa
anteater|artichoke|burrito,Answer using only one word - artichoke or burrito and not anteater. Which is more similar in semantic meaning to anteater?,burrito
anteater|artichoke|car,Answer using only one word - artichoke or car and not anteater. Which is more similar in semantic meaning to anteater?,car
anteater|artichoke|celery,Answer using only one word - artichoke or celery and not anteater. Which is more similar in semantic meaning to anteater?,celery
anteater|artichoke|coat,Answer using only one word - artichoke or coat and not anteater. Which is more similar in semantic meaning to anteater?,artichoke
anteater|artichoke|dress,Answer using only one word - artichoke or dress and not anteater. Which is more similar in semantic meaning to anteater?,artichoke
anteater|artichoke|flute,Answer using only one word - artichoke or flute and not anteater. Which is more similar in semantic meaning to anteater?,artichoke
anteater|artichoke|motorcycle,Answer using only one word - artichoke or motorcycle and not anteater. Which is more similar in semantic meaning to anteater?,artichoke
anteater|bagel|beaver,Answer using only one word - bagel or beaver and not anteater. Which is more similar in semantic meaning to anteater?,beaver
anteater|bagel|belt,Answer using only one word - bagel or belt and not anteater. Which is more similar in semantic meaning to anteater?,belt
anteater|bagel|boa,Answer using only one word - bagel or boa and not anteater. Which is more similar in semantic meaning to anteater?,boa
anteater|bagel|burrito,Answer using only one word - bagel or burrito and not anteater. Which is more similar in semantic meaning to anteater?,burrito
anteater|bagel|car,Answer using only one word - bagel or car and not anteater. Which is more similar in semantic meaning to anteater?,bagel
anteater|bagel|celery,Answer using only one word - bagel or celery and not anteater. Which is more similar in semantic meaning to anteater?,celery
anteater|bagel|coat,Answer using only one word - bagel or coat and not anteater. Which is more similar in semantic meaning to anteater?,coat
anteater|bagel|dress,Answer using only one word - bagel or dress and not anteater. Which is more similar in semantic meaning to anteater?,bagel
anteater|bagel|flute,Answer using only one word - bagel or flute and not anteater. Which is more similar in semantic meaning to anteater?,bagel
anteater|bagel|motorcycle,Answer using only one word - bagel or motorcycle and not anteater. Which is more similar in semantic meaning to anteater?,bagel
anteater|banana|bed,Answer using only one word - banana or bed and not anteater. Which is more similar in semantic meaning to anteater?,banana
anteater|banana|bird,Answer using only one word - banana or bird and not anteater. Which is more similar in semantic meaning to anteater?,bird
anteater|banana|boar,Answer using only one word - banana or boar and not anteater. Which is more similar in semantic meaning to anteater?,boar
anteater|banana|cactus,Answer using only one word - banana or cactus and not anteater. Which is more similar in semantic meaning to anteater?,cactus
anteater|banana|carrot,Answer using only one word - banana or carrot and not anteater. Which is more similar in semantic meaning to anteater?,banana
anteater|banana|chili,Answer using only one word - banana or chili and not anteater. Which is more similar in semantic meaning to anteater?,banana
anteater|banana|coconut,Answer using only one word - banana or coconut and not anteater. Which is more similar in semantic meaning to anteater?,banana
anteater|banana|eagle,Answer using only one word - banana or eagle and not anteater. Which is more similar in semantic meaning to anteater?,eagle
anteater|banana|fly,Answer using only one word - banana or fly and not anteater. Which is more similar in semantic meaning to anteater?,fly
anteater|banjo|barrel,Answer using only one word - banjo or barrel and not anteater. Which is more similar in semantic meaning to anteater?,barrel
anteater|banjo|beetle,Answer using only one word - banjo or beetle and not anteater. Which is more similar in semantic meaning to anteater?,beetle
anteater|banjo|blowtorch,Answer using only one word - banjo or blowtorch and not anteater. Which is more similar in semantic meaning to anteater?,banjo
anteater|banjo|brussels sprouts,Answer using only one word - banjo or brussels sprouts and not anteater. Which is more similar in semantic meaning to anteater?,brussels
anteater|banjo|candy,Answer using only one word - banjo or candy and not anteater. Which is more similar in semantic meaning to anteater?,candy
anteater|banjo|cat,Answer using only one word - banjo or cat and not anteater. Which is more similar in semantic meaning to anteater?,cat
anteater|banjo|chisel,Answer using only one word - banjo or chisel and not anteater. Which is more similar in semantic meaning to anteater?,Chisel
anteater|banjo|crowbar,Answer using only one word - banjo or crowbar and not anteater. Which is more similar in semantic meaning to anteater?,banjo
anteater|banjo|fig,Answer using only one word - banjo or fig and not anteater. Which is more similar in semantic meaning to anteater?,fig
anteater|banjo|jeans,Answer using only one word - banjo or jeans and not anteater. Which is more similar in semantic meaning to anteater?,banjo
anteater|barrel|bed,Answer using only one word - barrel or bed and not anteater. Which is more similar in semantic meaning to anteater?,bed
anteater|barrel|bird,Answer using only one word - barrel or bird and not anteater. Which is more similar in semantic meaning to anteater?,bird
anteater|barrel|boar,Answer using only one word - barrel or boar and not anteater. Which is more similar in semantic meaning to anteater?,boar
anteater|barrel|cactus,Answer using only one word - barrel or cactus and not anteater. Which is more similar in semantic meaning to anteater?,cactus
anteater|barrel|carrot,Answer using only one word - barrel or carrot and not anteater. Which is more similar in semantic meaning to anteater?,barrel
anteater|barrel|chili,Answer using only one word - barrel or chili and not anteater. Which is more similar in semantic meaning to anteater?,chili
anteater|barrel|coconut,Answer using only one word - barrel or coconut and not anteater. Which is more similar in semantic meaning to anteater?,coconut
anteater|barrel|eagle,Answer using only one word - barrel or eagle and not anteater. Which is more similar in semantic meaning to anteater?,eagle
anteater|barrel|fly,Answer using only one word - barrel or fly and not anteater. Which is more similar in semantic meaning to anteater?,fly
anteater|bat|beaver,Answer using only one word - bat or beaver and not anteater. Which is more similar in semantic meaning to anteater?,beaver
anteater|bat|belt,Answer using only one word - bat or belt and not anteater. Which is more similar in semantic meaning to anteater?,bat
anteater|bat|boa,Answer using only one word - bat or boa and not anteater. Which is more similar in semantic meaning to anteater?,boa
anteater|bat|burrito,Answer using only one word - bat or burrito and not anteater. Which is more similar in semantic meaning to anteater?,bat
anteater|bat|car,Answer using only one word - bat or car and not anteater. Which is more similar in semantic meaning to anteater?,bat
anteater|bat|celery,Answer using only one word - bat or celery and not anteater. Which is more similar in semantic meaning to anteater?,bat
anteater|bat|coat,Answer using only one word - bat or coat and not anteater. Which is more similar in semantic meaning to anteater?,coat
anteater|bat|dress,Answer using only one word - bat or dress and not anteater. Which is more similar in semantic meaning to anteater?,bat
anteater|bat|flute,Answer using only one word - bat or flute and not anteater. Which is more similar in semantic meaning to anteater?,bat
anteater|bat|motorcycle,Answer using only one word - bat or motorcycle and not anteater. Which is more similar in semantic meaning to anteater?,bat
anteater|beaver|belt,Answer using only one word - beaver or belt and not anteater. Which is more similar in semantic meaning to anteater?,beaver
anteater|beaver|boa,Answer using only one word - beaver or boa and not anteater. Which is more similar in semantic meaning to anteater?,beaver
anteater|beaver|burrito,Answer using only one word - beaver or burrito and not anteater. Which is more similar in semantic meaning to anteater?,beaver
anteater|beaver|car,Answer using only one word - beaver or car and not anteater. Which is more similar in semantic meaning to anteater?,beaver
anteater|beaver|celery,Answer using only one word - beaver or celery and not anteater. Which is more similar in semantic meaning to anteater?,beaver
anteater|beaver|coat,Answer using only one word - beaver or coat and not anteater. Which is more similar in semantic meaning to anteater?,coat
anteater|beaver|dress,Answer using only one word - beaver or dress and not anteater. Which is more similar in semantic meaning to anteater?,beaver
anteater|beaver|flute,Answer using only one word - beaver or flute and not anteater. Which is more similar in semantic meaning to anteater?,beaver
anteater|beaver|motorcycle,Answer using only one word - beaver or motorcycle and not anteater. Which is more similar in semantic meaning to anteater?,beaver
anteater|bed|bird,Answer using only one word - bed or bird and not anteater. Which is more similar in semantic meaning to anteater?,bird
anteater|bed|boar,Answer using only one word - bed or boar and not anteater. Which is more similar in semantic meaning to anteater?,boar
anteater|bed|cactus,Answer using only one word - bed or cactus and not anteater. Which is more similar in semantic meaning to anteater?,cactus
anteater|bed|carrot,Answer using only one word - bed or carrot and not anteater. Which is more similar in semantic meaning to anteater?,carrot
anteater|bed|chili,Answer using only one word - bed or chili and not anteater. Which is more similar in semantic meaning to anteater?,chili
anteater|bed|coconut,Answer using only one word - bed or coconut and not anteater. Which is more similar in semantic meaning to anteater?,coconut
anteater|bed|eagle,Answer using only one word - bed or eagle and not anteater. Which is more similar in semantic meaning to anteater?,eagle
anteater|bed|fly,Answer using only one word - bed or fly and not anteater. Which is more similar in semantic meaning to anteater?,fly
anteater|beet|beetle,Answer using only one word - beet or beetle and not anteater. Which is more similar in semantic meaning to anteater?,beetle
anteater|beet|blowtorch,Answer using only one word - beet or blowtorch and not anteater. Which is more similar in semantic meaning to anteater?,beet
anteater|beet|brussels sprouts,Answer using only one word - beet or brussels sprouts and not anteater. Which is more similar in semantic meaning to anteater?,brussels
anteater|beet|candy,Answer using only one word - beet or candy and not anteater. Which is more similar in semantic meaning to anteater?,candy
anteater|beet|cat,Answer using only one word - beet or cat and not anteater. Which is more similar in semantic meaning to anteater?,Beet
anteater|beet|chisel,Answer using only one word - beet or chisel and not anteater. Which is more similar in semantic meaning to anteater?,chisel
anteater|beet|crowbar,Answer using only one word - beet or crowbar and not anteater. Which is more similar in semantic meaning to anteater?,Beet
anteater|beet|fig,Answer using only one word - beet or fig and not anteater. Which is more similar in semantic meaning to anteater?,fig
anteater|beet|jeans,Answer using only one word - beet or jeans and not anteater. Which is more similar in semantic meaning to anteater?,Beet
anteater|beetle|bird,Answer using only one word - beetle or bird and not anteater. Which is more similar in semantic meaning to anteater?,bird
anteater|beetle|boar,Answer using only one word - beetle or boar and not anteater. Which is more similar in semantic meaning to anteater?,beetle
anteater|beetle|cactus,Answer using only one word - beetle or cactus and not anteater. Which is more similar in semantic meaning to anteater?,cactus
anteater|beetle|carrot,Answer using only one word - beetle or carrot and not anteater. Which is more similar in semantic meaning to anteater?,beetle
anteater|beetle|chili,Answer using only one word - beetle or chili and not anteater. Which is more similar in semantic meaning to anteater?,beetle
anteater|beetle|coconut,Answer using only one word - beetle or coconut and not anteater. Which is more similar in semantic meaning to anteater?,beetle
anteater|beetle|eagle,Answer using only one word - beetle or eagle and not anteater. Which is more similar in semantic meaning to anteater?,eagle
anteater|beetle|fly,Answer using only one word - beetle or fly and not anteater. Which is more similar in semantic meaning to anteater?,beetle
anteater|bell|belt,Answer using only one word - bell or belt and not anteater. Which is more similar in semantic meaning to anteater?,belt
anteater|bell|boa,Answer using only one word - bell or boa and not anteater. Which is more similar in semantic meaning to anteater?,boa
anteater|bell|burrito,Answer using only one word - bell or burrito and not anteater. Which is more similar in semantic meaning to anteater?,burrito
anteater|bell|car,Answer using only one word - bell or car and not anteater. Which is more similar in semantic meaning to anteater?,bell
anteater|bell|celery,Answer using only one word - bell or celery and not anteater. Which is more similar in semantic meaning to anteater?,bell
anteater|bell|coat,Answer using only one word - bell or coat and not anteater. Which is more similar in semantic meaning to anteater?,coat
anteater|bell|dress,Answer using only one word - bell or dress and not anteater. Which is more similar in semantic meaning to anteater?,bell
anteater|bell|flute,Answer using only one word - bell or flute and not anteater. Which is more similar in semantic meaning to anteater?,flute
anteater|bell|motorcycle,Answer using only one word - bell or motorcycle and not anteater. Which is more similar in semantic meaning to anteater?,bell
anteater|belt|boa,Answer using only one word - belt or boa and not anteater. Which is more similar in semantic meaning to anteater?,boa
anteater|belt|burrito,Answer using only one word - belt or burrito and not anteater. Which is more similar in semantic meaning to anteater?,belt
anteater|belt|car,Answer using only one word - belt or car and not anteater. Which is more similar in semantic meaning to anteater?,belt
anteater|belt|celery,Answer using only one word - belt or celery and not anteater. Which is more similar in semantic meaning to anteater?,belt
anteater|belt|coat,Answer using only one word - belt or coat and not anteater. Which is more similar in semantic meaning to anteater?,belt
anteater|belt|dress,Answer using only one word - belt or dress and not anteater. Which is more similar in semantic meaning to anteater?,belt
anteater|belt|flute,Answer using only one word - belt or flute and not anteater. Which is more similar in semantic meaning to anteater?,belt
anteater|belt|motorcycle,Answer using only one word - belt or motorcycle and not anteater. Which is more similar in semantic meaning to anteater?,belt
anteater|bird|boar,Answer using only one word - bird or boar and not anteater. Which is more similar in semantic meaning to anteater?,bird
anteater|bird|cactus,Answer using only one word - bird or cactus and not anteater. Which is more similar in semantic meaning to anteater?,bird
anteater|bird|carrot,Answer using only one word - bird or carrot and not anteater. Which is more similar in semantic meaning to anteater?,bird
anteater|bird|chili,Answer using only one word - bird or chili and not anteater. Which is more similar in semantic meaning to anteater?,bird
anteater|bird|coconut,Answer using only one word - bird or coconut and not anteater. Which is more similar in semantic meaning to anteater?,bird
anteater|bird|eagle,Answer using only one word - bird or eagle and not anteater. Which is more similar in semantic meaning to anteater?,bird
anteater|bird|fly,Answer using only one word - bird or fly and not anteater. Which is more similar in semantic meaning to anteater?,bird
anteater|blender|blowtorch,Answer using only one word - blender or blowtorch and not anteater. Which is more similar in semantic meaning to anteater?,blender
anteater|blender|brussels sprouts,Answer using only one word - blender or brussels sprouts and not anteater. Which is more similar in semantic meaning to anteater?,brussels
anteater|blender|candy,Answer using only one word - blender or candy and not anteater. Which is more similar in semantic meaning to anteater?,candy
anteater|blender|cat,Answer using only one word - blender or cat and not anteater. Which is more similar in semantic meaning to anteater?,blender
anteater|blender|chisel,Answer using only one word - blender or chisel and not anteater. Which is more similar in semantic meaning to anteater?,chisel
anteater|blender|crowbar,Answer using only one word - blender or crowbar and not anteater. Which is more similar in semantic meaning to anteater?,blender
anteater|blender|fig,Answer using only one word - blender or fig and not anteater. Which is more similar in semantic meaning to anteater?,fig
anteater|blender|jeans,Answer using only one word - blender or jeans and not anteater. Which is more similar in semantic meaning to anteater?,blender
anteater|blowtorch|boar,Answer using only one word - blowtorch or boar and not anteater. Which is more similar in semantic meaning to anteater?,Boar
anteater|blowtorch|cactus,Answer using only one word - blowtorch or cactus and not anteater. Which is more similar in semantic meaning to anteater?,cactus
anteater|blowtorch|carrot,Answer using only one word - blowtorch or carrot and not anteater. Which is more similar in semantic meaning to anteater?,carrot
anteater|blowtorch|chili,Answer using only one word - blowtorch or chili and not anteater. Which is more similar in semantic meaning to anteater?,chili
anteater|blowtorch|coconut,Answer using only one word - blowtorch or coconut and not anteater. Which is more similar in semantic meaning to anteater?,coconut
anteater|blowtorch|eagle,Answer using only one word - blowtorch or eagle and not anteater. Which is more similar in semantic meaning to anteater?,eagle
anteater|blowtorch|fly,Answer using only one word - blowtorch or fly and not anteater. Which is more similar in semantic meaning to anteater?,fly
anteater|blueberry|boa,Answer using only one word - blueberry or boa and not anteater. Which is more similar in semantic meaning to anteater?,boa
anteater|blueberry|burrito,Answer using only one word - blueberry or burrito and not anteater. Which is more similar in semantic meaning to anteater?,burrito
anteater|blueberry|car,Answer using only one word - blueberry or car and not anteater. Which is more similar in semantic meaning to anteater?,car
anteater|blueberry|celery,Answer using only one word - blueberry or celery and not anteater. Which is more similar in semantic meaning to anteater?,celery
anteater|blueberry|coat,Answer using only one word - blueberry or coat and not anteater. Which is more similar in semantic meaning to anteater?,coat
anteater|blueberry|dress,Answer using only one word - blueberry or dress and not anteater. Which is more similar in semantic meaning to anteater?,blueberry
anteater|blueberry|flute,Answer using only one word - blueberry or flute and not anteater. Which is more similar in semantic meaning to anteater?,Flute
anteater|blueberry|motorcycle,Answer using only one word - blueberry or motorcycle and not anteater. Which is more similar in semantic meaning to anteater?,blueberry
anteater|boa|burrito,Answer using only one word - boa or burrito and not anteater. Which is more similar in semantic meaning to anteater?,boa
anteater|boa|car,Answer using only one word - boa or car and not anteater. Which is more similar in semantic meaning to anteater?,boa
anteater|boa|celery,Answer using only one word - boa or celery and not anteater. Which is more similar in semantic meaning to anteater?,boa
anteater|boa|coat,Answer using only one word - boa or coat and not anteater. Which is more similar in semantic meaning to anteater?,coat
anteater|boa|dress,Answer using only one word - boa or dress and not anteater. Which is more similar in semantic meaning to anteater?,boa
anteater|boa|flute,Answer using only one word - boa or flute and not anteater. Which is more similar in semantic meaning to anteater?,boa
anteater|boa|motorcycle,Answer using only one word - boa or motorcycle and not anteater. Which is more similar in semantic meaning to anteater?,boa
anteater|boar|cactus,Answer using only one word - boar or cactus and not anteater. Which is more similar in semantic meaning to anteater?,Boar
anteater|boar|carrot,Answer using only one word - boar or carrot and not anteater. Which is more similar in semantic meaning to anteater?,Carrot
anteater|boar|chili,Answer using only one word - boar or chili and not anteater. Which is more similar in semantic meaning to anteater?,chili
anteater|boar|coconut,Answer using only one word - boar or coconut and not anteater. Which is more similar in semantic meaning to anteater?,Coconut
anteater|boar|eagle,Answer using only one word - boar or eagle and not anteater. Which is more similar in semantic meaning to anteater?,eagle
anteater|boar|fly,Answer using only one word - boar or fly and not anteater. Which is more similar in semantic meaning to anteater?,Boar
anteater|bread|brussels sprouts,Answer using only one word - bread or brussels sprouts and not anteater. Which is more similar in semantic meaning to anteater?,brussels
anteater|bread|candy,Answer using only one word - bread or candy and not anteater. Which is more similar in semantic meaning to anteater?,candy
anteater|bread|cat,Answer using only one word - bread or cat and not anteater. Which is more similar in semantic meaning to anteater?,cat
anteater|bread|chisel,Answer using only one word - bread or chisel and not anteater. Which is more similar in semantic meaning to anteater?,chisel
anteater|bread|crowbar,Answer using only one word - bread or crowbar and not anteater. Which is more similar in semantic meaning to anteater?,bread
anteater|bread|fig,Answer using only one word - bread or fig and not anteater. Which is more similar in semantic meaning to anteater?,fig
anteater|bread|jeans,Answer using only one word - bread or jeans and not anteater. Which is more similar in semantic meaning to anteater?,bread
anteater|brussels sprouts|cactus,Answer using only one word - brussels sprouts or cactus and not anteater. Which is more similar in semantic meaning to anteater?,Brussels
anteater|brussels sprouts|carrot,Answer using only one word - brussels sprouts or carrot and not anteater. Which is more similar in semantic meaning to anteater?,carrot
anteater|brussels sprouts|chili,Answer using only one word - brussels sprouts or chili and not anteater. Which is more similar in semantic meaning to anteater?,brussels
anteater|brussels sprouts|coconut,Answer using only one word - brussels sprouts or coconut and not anteater. Which is more similar in semantic meaning to anteater?,Coconut
anteater|brussels sprouts|eagle,Answer using only one word - brussels sprouts or eagle and not anteater. Which is more similar in semantic meaning to anteater?,Eagle
anteater|brussels sprouts|fly,Answer using only one word - brussels sprouts or fly and not anteater. Which is more similar in semantic meaning to anteater?,Fly
anteater|bucket|burrito,Answer using only one word - bucket or burrito and not anteater. Which is more similar in semantic meaning to anteater?,bucket
anteater|bucket|car,Answer using only one word - bucket or car and not anteater. Which is more similar in semantic meaning to anteater?,bucket
anteater|bucket|celery,Answer using only one word - bucket or celery and not anteater. Which is more similar in semantic meaning to anteater?,bucket
anteater|bucket|coat,Answer using only one word - bucket or coat and not anteater. Which is more similar in semantic meaning to anteater?,coat
anteater|bucket|dress,Answer using only one word - bucket or dress and not anteater. Which is more similar in semantic meaning to anteater?,bucket
anteater|bucket|flute,Answer using only one word - bucket or flute and not anteater. Which is more similar in semantic meaning to anteater?,Flute
anteater|bucket|motorcycle,Answer using only one word - bucket or motorcycle and not anteater. Which is more similar in semantic meaning to anteater?,bucket
anteater|burrito|car,Answer using only one word - burrito or car and not anteater. Which is more similar in semantic meaning to anteater?,burrito
anteater|burrito|celery,Answer using only one word - burrito or celery and not anteater. Which is more similar in semantic meaning to anteater?,burrito
anteater|burrito|coat,Answer using only one word - burrito or coat and not anteater. Which is more similar in semantic meaning to anteater?,coat
anteater|burrito|dress,Answer using only one word - burrito or dress and not anteater. Which is more similar in semantic meaning to anteater?,burrito
anteater|burrito|flute,Answer using only one word - burrito or flute and not anteater. Which is more similar in semantic meaning to anteater?,Burrito
anteater|burrito|motorcycle,Answer using only one word - burrito or motorcycle and not anteater. Which is more similar in semantic meaning to anteater?,burrito
anteater|cactus|carrot,Answer using only one word - cactus or carrot and not anteater. Which is more similar in semantic meaning to anteater?,cactus
anteater|cactus|chili,Answer using only one word - cactus or chili and not anteater. Which is more similar in semantic meaning to anteater?,cactus
anteater|cactus|coconut,Answer using only one word - cactus or coconut and not anteater. Which is more similar in semantic meaning to anteater?,cactus
anteater|cactus|eagle,Answer using only one word - cactus or eagle and not anteater. Which is more similar in semantic meaning to anteater?,Eagle
anteater|cactus|fly,Answer using only one word - cactus or fly and not anteater. Which is more similar in semantic meaning to anteater?,fly
anteater|candle|candy,Answer using only one word - candle or candy and not anteater. Which is more similar in semantic meaning to anteater?,candy
anteater|candle|cat,Answer using only one word - candle or cat and not anteater. Which is more similar in semantic meaning to anteater?,cat
anteater|candle|chisel,Answer using only one word - candle or chisel and not anteater. Which is more similar in semantic meaning to anteater?,candle
anteater|candle|crowbar,Answer using only one word - candle or crowbar and not anteater. Which is more similar in semantic meaning to anteater?,candle
anteater|candle|fig,Answer using only one word - candle or fig and not anteater. Which is more similar in semantic meaning to anteater?,fig
anteater|candle|jeans,Answer using only one word - candle or jeans and not anteater. Which is more similar in semantic meaning to anteater?,candle
anteater|candy|carrot,Answer using only one word - candy or carrot and not anteater. Which is more similar in semantic meaning to anteater?,candy
anteater|candy|chili,Answer using only one word - candy or chili and not anteater. Which is more similar in semantic meaning to anteater?,candy
anteater|candy|coconut,Answer using only one word - candy or coconut and not anteater. Which is more similar in semantic meaning to anteater?,candy
anteater|candy|eagle,Answer using only one word - candy or eagle and not anteater. Which is more similar in semantic meaning to anteater?,eagle
anteater|candy|fly,Answer using only one word - candy or fly and not anteater. Which is more similar in semantic meaning to anteater?,fly
anteater|cannon|car,Answer using only one word - cannon or car and not anteater. Which is more similar in semantic meaning to anteater?,cannon
anteater|cannon|celery,Answer using only one word - cannon or celery and not anteater. Which is more similar in semantic meaning to anteater?,cannon
anteater|cannon|coat,Answer using only one word - cannon or coat and not anteater. Which is more similar in semantic meaning to anteater?,cannon
anteater|cannon|dress,Answer using only one word - cannon or dress and not anteater. Which is more similar in semantic meaning to anteater?,cannon
anteater|cannon|flute,Answer using only one word - cannon or flute and not anteater. Which is more similar in semantic meaning to anteater?,Flute
anteater|cannon|motorcycle,Answer using only one word - cannon or motorcycle and not anteater. Which is more similar in semantic meaning to anteater?,cannon
anteater|car|celery,Answer using only one word - car or celery and not anteater. Which is more similar in semantic meaning to anteater?,car
anteater|car|coat,Answer using only one word - car or coat and not anteater. Which is more similar in semantic meaning to anteater?,coat
anteater|car|dress,Answer using only one word - car or dress and not anteater. Which is more similar in semantic meaning to anteater?,Dress
anteater|car|flute,Answer using only one word - car or flute and not anteater. Which is more similar in semantic meaning to anteater?,Flute
anteater|car|motorcycle,Answer using only one word - car or motorcycle and not anteater. Which is more similar in semantic meaning to anteater?,car
anteater|carrot|chili,Answer using only one word - carrot or chili and not anteater. Which is more similar in semantic meaning to anteater?,carrot
anteater|carrot|coconut,Answer using only one word - carrot or coconut and not anteater. Which is more similar in semantic meaning to anteater?,carrot
anteater|carrot|eagle,Answer using only one word - carrot or eagle and not anteater. Which is more similar in semantic meaning to anteater?,carrot
anteater|carrot|fly,Answer using only one word - carrot or fly and not anteater. Which is more similar in semantic meaning to anteater?,fly
anteater|cart|cat,Answer using only one word - cart or cat and not anteater. Which is more similar in semantic meaning to anteater?,cat
anteater|cart|chisel,Answer using only one word - cart or chisel and not anteater. Which is more similar in semantic meaning to anteater?,Chisel
anteater|cart|crowbar,Answer using only one word - cart or crowbar and not anteater. Which is more similar in semantic meaning to anteater?,crowbar
anteater|cart|fig,Answer using only one word - cart or fig and not anteater. Which is more similar in semantic meaning to anteater?,fig
anteater|cart|jeans,Answer using only one word - cart or jeans and not anteater. Which is more similar in semantic meaning to anteater?,jeans
anteater|cat|chili,Answer using only one word - cat or chili and not anteater. Which is more similar in semantic meaning to anteater?,chili
anteater|cat|coconut,Answer using only one word - cat or coconut and not anteater. Which is more similar in semantic meaning to anteater?,coconut
anteater|cat|eagle,Answer using only one word - cat or eagle and not anteater. Which is more similar in semantic meaning to anteater?,eagle
anteater|cat|fly,Answer using only one word - cat or fly and not anteater. Which is more similar in semantic meaning to anteater?,fly
anteater|caterpillar|celery,Answer using only one word - caterpillar or celery and not anteater. Which is more similar in semantic meaning to anteater?,caterpillar
anteater|caterpillar|coat,Answer using only one word - caterpillar or coat and not anteater. Which is more similar in semantic meaning to anteater?,caterpillar
anteater|caterpillar|dress,Answer using only one word - caterpillar or dress and not anteater. Which is more similar in semantic meaning to anteater?,caterpillar
anteater|caterpillar|flute,Answer using only one word - caterpillar or flute and not anteater. Which is more similar in semantic meaning to anteater?,caterpillar
anteater|caterpillar|motorcycle,Answer using only one word - caterpillar or motorcycle and not anteater. Which is more similar in semantic meaning to anteater?,caterpillar
anteater|celery|coat,Answer using only one word - celery or coat and not anteater. Which is more similar in semantic meaning to anteater?,celery
anteater|celery|dress,Answer using only one word - celery or dress and not anteater. Which is more similar in semantic meaning to anteater?,celery
anteater|celery|flute,Answer using only one word - celery or flute and not anteater. Which is more similar in semantic meaning to anteater?,Flute
anteater|celery|motorcycle,Answer using only one word - celery or motorcycle and not anteater. Which is more similar in semantic meaning to anteater?,celery
anteater|chili|coconut,Answer using only one word - chili or coconut and not anteater. Which is more similar in semantic meaning to anteater?,chili
anteater|chili|eagle,Answer using only one word - chili or eagle and not anteater. Which is more similar in semantic meaning to anteater?,eagle
anteater|chili|fly,Answer using only one word - chili or fly and not anteater. Which is more similar in semantic meaning to anteater?,chili
anteater|chinchilla|chisel,Answer using only one word - chinchilla or chisel and not anteater. Which is more similar in semantic meaning to anteater?,Chinchilla
anteater|chinchilla|crowbar,Answer using only one word - chinchilla or crowbar and not anteater. Which is more similar in semantic meaning to anteater?,Chinchilla
anteater|chinchilla|fig,Answer using only one word - chinchilla or fig and not anteater. Which is more similar in semantic meaning to anteater?,Chinchilla
anteater|chinchilla|jeans,Answer using only one word - chinchilla or jeans and not anteater. Which is more similar in semantic meaning to anteater?,Chinchilla
anteater|chisel|coconut,Answer using only one word - chisel or coconut and not anteater. Which is more similar in semantic meaning to anteater?,Chisel
anteater|chisel|eagle,Answer using only one word - chisel or eagle and not anteater. Which is more similar in semantic meaning to anteater?,Chisel
anteater|chisel|fly,Answer using only one word - chisel or fly and not anteater. Which is more similar in semantic meaning to anteater?,Chisel
anteater|clarinet|coat,Answer using only one word - clarinet or coat and not anteater. Which is more similar in semantic meaning to anteater?,coat
anteater|clarinet|dress,Answer using only one word - clarinet or dress and not anteater. Which is more similar in semantic meaning to anteater?,Clarinet
anteater|clarinet|flute,Answer using only one word - clarinet or flute and not anteater. Which is more similar in semantic meaning to anteater?,Flute
anteater|clarinet|motorcycle,Answer using only one word - clarinet or motorcycle and not anteater. Which is more similar in semantic meaning to anteater?,Clarinet
anteater|coat|dress,Answer using only one word - coat or dress and not anteater. Which is more similar in semantic meaning to anteater?,coat
anteater|coat|flute,Answer using only one word - coat or flute and not anteater. Which is more similar in semantic meaning to anteater?,coat
anteater|coat|motorcycle,Answer using only one word - coat or motorcycle and not anteater. Which is more similar in semantic meaning to anteater?,coat
anteater|coconut|eagle,Answer using only one word - coconut or eagle and not anteater. Which is more similar in semantic meaning to anteater?,Coconut
anteater|coconut|fly,Answer using only one word - coconut or fly and not anteater. Which is more similar in semantic meaning to anteater?,fly
anteater|crow|crowbar,Answer using only one word - crow or crowbar and not anteater. Which is more similar in semantic meaning to anteater?,crowbar
anteater|crow|fig,Answer using only one word - crow or fig and not anteater. Which is more similar in semantic meaning to anteater?,fig
anteater|crow|jeans,Answer using only one word - crow or jeans and not anteater. Which is more similar in semantic meaning to anteater?,crow
anteater|crowbar|eagle,Answer using only one word - crowbar or eagle and not anteater. Which is more similar in semantic meaning to anteater?,eagle
anteater|crowbar|fly,Answer using only one word - crowbar or fly and not anteater. Which is more similar in semantic meaning to anteater?,crowbar
anteater|dragonfly|dress,Answer using only one word - dragonfly or dress and not anteater. Which is more similar in semantic meaning to anteater?,dress
anteater|dragonfly|flute,Answer using only one word - dragonfly or flute and not anteater. Which is more similar in semantic meaning to anteater?,Flute
anteater|dragonfly|motorcycle,Answer using only one word - dragonfly or motorcycle and not anteater. Which is more similar in semantic meaning to anteater?,dragonfly
anteater|dress|flute,Answer using only one word - dress or flute and not anteater. Which is more similar in semantic meaning to anteater?,dress
anteater|dress|motorcycle,Answer using only one word - dress or motorcycle and not anteater. Which is more similar in semantic meaning to anteater?,dress
anteater|eagle|fly,Answer using only one word - eagle or fly and not anteater. Which is more similar in semantic meaning to anteater?,Eagle
anteater|eggbeater|fig,Answer using only one word - eggbeater or fig and not anteater. Which is more similar in semantic meaning to anteater?,eggbeater
anteater|eggbeater|jeans,Answer using only one word - eggbeater or jeans and not anteater. Which is more similar in semantic meaning to anteater?,Eggbeater
anteater|fig|fly,Answer using only one word - fig or fly and not anteater. Which is more similar in semantic meaning to anteater?,fig
anteater|file|flute,Answer using only one word - file or flute and not anteater. Which is more similar in semantic meaning to anteater?,file
anteater|file|motorcycle,Answer using only one word - file or motorcycle and not anteater. Which is more similar in semantic meaning to anteater?,file
anteater|flute|motorcycle,Answer using only one word - flute or motorcycle and not anteater. Which is more similar in semantic meaning to anteater?,Flute
anteater|grenade|jeans,Answer using only one word - grenade or jeans and not anteater. Which is more similar in semantic meaning to anteater?,Grenade
anteater|missile|motorcycle,Answer using only one word - missile or motorcycle and not anteater. Which is more similar in semantic meaning to anteater?,missile
anvil|apple|barrel,Answer using only one word - apple or barrel and not anvil. Which is more similar in semantic meaning to anvil?,barrel
anvil|apple|beetle,Answer using only one word - apple or beetle and not anvil. Which is more similar in semantic meaning to anvil?,beetle
anvil|apple|blowtorch,Answer using only one word - apple or blowtorch and not anvil. Which is more similar in semantic meaning to anvil?,apple
anvil|apple|brussels sprouts,Answer using only one word - apple or brussels sprouts and not anvil. Which is more similar in semantic meaning to anvil?,brussels
anvil|apple|candy,Answer using only one word - apple or candy and not anvil. Which is more similar in semantic meaning to anvil?,candy
anvil|apple|cat,Answer using only one word - apple or cat and not anvil. Which is more similar in semantic meaning to anvil?,apple
anvil|apple|chisel,Answer using only one word - apple or chisel and not anvil. Which is more similar in semantic meaning to anvil?,chisel
anvil|apple|crowbar,Answer using only one word - apple or crowbar and not anvil. Which is more similar in semantic meaning to anvil?,crowbar
anvil|apple|fig,Answer using only one word - apple or fig and not anvil. Which is more similar in semantic meaning to anvil?,fig
anvil|apple|jeans,Answer using only one word - apple or jeans and not anvil. Which is more similar in semantic meaning to anvil?,apple
anvil|artichoke|banjo,Answer using only one word - artichoke or banjo and not anvil. Which is more similar in semantic meaning to anvil?,artichoke
anvil|artichoke|beet,Answer using only one word - artichoke or beet and not anvil. Which is more similar in semantic meaning to anvil?,beet
anvil|artichoke|blender,Answer using only one word - artichoke or blender and not anvil. Which is more similar in semantic meaning to anvil?,artichoke
anvil|artichoke|bread,Answer using only one word - artichoke or bread and not anvil. Which is more similar in semantic meaning to anvil?,bread
anvil|artichoke|candle,Answer using only one word - artichoke or candle and not anvil. Which is more similar in semantic meaning to anvil?,artichoke
anvil|artichoke|cart,Answer using only one word - artichoke or cart and not anvil. Which is more similar in semantic meaning to anvil?,artichoke
anvil|artichoke|chinchilla,Answer using only one word - artichoke or chinchilla and not anvil. Which is more similar in semantic meaning to anvil?,chinchilla
anvil|artichoke|crow,Answer using only one word - artichoke or crow and not anvil. Which is more similar in semantic meaning to anvil?,crow
anvil|artichoke|eggbeater,Answer using only one word - artichoke or eggbeater and not anvil. Which is more similar in semantic meaning to anvil?,artichoke
anvil|artichoke|grenade,Answer using only one word - artichoke or grenade and not anvil. Which is more similar in semantic meaning to anvil?,artichoke
anvil|bagel|banjo,Answer using only one word - bagel or banjo and not anvil. Which is more similar in semantic meaning to anvil?,bagel
anvil|bagel|beet,Answer using only one word - bagel or beet and not anvil. Which is more similar in semantic meaning to anvil?,beet
anvil|bagel|blender,Answer using only one word - bagel or blender and not anvil. Which is more similar in semantic meaning to anvil?,blender
anvil|bagel|bread,Answer using only one word - bagel or bread and not anvil. Which is more similar in semantic meaning to anvil?,bread
anvil|bagel|candle,Answer using only one word - bagel or candle and not anvil. Which is more similar in semantic meaning to anvil?,candle
anvil|bagel|cart,Answer using only one word - bagel or cart and not anvil. Which is more similar in semantic meaning to anvil?,cart
anvil|bagel|chinchilla,Answer using only one word - bagel or chinchilla and not anvil. Which is more similar in semantic meaning to anvil?,chinchilla
anvil|bagel|crow,Answer using only one word - bagel or crow and not anvil. Which is more similar in semantic meaning to anvil?,crow
anvil|bagel|eggbeater,Answer using only one word - bagel or eggbeater and not anvil. Which is more similar in semantic meaning to anvil?,bagel
anvil|bagel|grenade,Answer using only one word - bagel or grenade and not anvil. Which is more similar in semantic meaning to anvil?,grenade
anvil|banana|barrel,Answer using only one word - banana or barrel and not anvil. Which is more similar in semantic meaning to anvil?,barrel
anvil|banana|beetle,Answer using only one word - banana or beetle and not anvil. Which is more similar in semantic meaning to anvil?,beetle
anvil|banana|blowtorch,Answer using only one word - banana or blowtorch and not anvil. Which is more similar in semantic meaning to anvil?,blowtorch
anvil|banana|brussels sprouts,Answer using only one word - banana or brussels sprouts and not anvil. Which is more similar in semantic meaning to anvil?,brussels
anvil|banana|candy,Answer using only one word - banana or candy and not anvil. Which is more similar in semantic meaning to anvil?,candy
anvil|banana|cat,Answer using only one word - banana or cat and not anvil. Which is more similar in semantic meaning to anvil?,banana
anvil|banana|chisel,Answer using only one word - banana or chisel and not anvil. Which is more similar in semantic meaning to anvil?,chisel
anvil|banana|crowbar,Answer using only one word - banana or crowbar and not anvil. Which is more similar in semantic meaning to anvil?,crowbar
anvil|banana|fig,Answer using only one word - banana or fig and not anvil. Which is more similar in semantic meaning to anvil?,fig
anvil|banana|jeans,Answer using only one word - banana or jeans and not anvil. Which is more similar in semantic meaning to anvil?,jeans
anvil|banjo|beaver,Answer using only one word - banjo or beaver and not anvil. Which is more similar in semantic meaning to anvil?,beaver
anvil|banjo|belt,Answer using only one word - banjo or belt and not anvil. Which is more similar in semantic meaning to anvil?,belt
anvil|banjo|boa,Answer using only one word - banjo or boa and not anvil. Which is more similar in semantic meaning to anvil?,banjo
anvil|banjo|burrito,Answer using only one word - banjo or burrito and not anvil. Which is more similar in semantic meaning to anvil?,burrito
anvil|banjo|car,Answer using only one word - banjo or car and not anvil. Which is more similar in semantic meaning to anvil?,banjo
anvil|banjo|celery,Answer using only one word - banjo or celery and not anvil. Which is more similar in semantic meaning to anvil?,banjo
anvil|banjo|coat,Answer using only one word - banjo or coat and not anvil. Which is more similar in semantic meaning to anvil?,coat
anvil|banjo|dress,Answer using only one word - banjo or dress and not anvil. Which is more similar in semantic meaning to anvil?,dress
anvil|banjo|flute,Answer using only one word - banjo or flute and not anvil. Which is more similar in semantic meaning to anvil?,flute
anvil|banjo|motorcycle,Answer using only one word - banjo or motorcycle and not anvil. Which is more similar in semantic meaning to anvil?,banjo
anvil|barrel|beetle,Answer using only one word - barrel or beetle and not anvil. Which is more similar in semantic meaning to anvil?,barrel
anvil|barrel|blowtorch,Answer using only one word - barrel or blowtorch and not anvil. Which is more similar in semantic meaning to anvil?,barrel
anvil|barrel|brussels sprouts,Answer using only one word - barrel or brussels sprouts and not anvil. Which is more similar in semantic meaning to anvil?,brussels
anvil|barrel|candy,Answer using only one word - barrel or candy and not anvil. Which is more similar in semantic meaning to anvil?,barrel
anvil|barrel|cat,Answer using only one word - barrel or cat and not anvil. Which is more similar in semantic meaning to anvil?,barrel
anvil|barrel|chisel,Answer using only one word - barrel or chisel and not anvil. Which is more similar in semantic meaning to anvil?,chisel
anvil|barrel|crowbar,Answer using only one word - barrel or crowbar and not anvil. Which is more similar in semantic meaning to anvil?,barrel
anvil|barrel|fig,Answer using only one word - barrel or fig and not anvil. Which is more similar in semantic meaning to anvil?,barrel
anvil|barrel|jeans,Answer using only one word - barrel or jeans and not anvil. Which is more similar in semantic meaning to anvil?,barrel
anvil|bat|beet,Answer using only one word - bat or beet and not anvil. Which is more similar in semantic meaning to anvil?,bat
anvil|bat|blender,Answer using only one word - bat or blender and not anvil. Which is more similar in semantic meaning to anvil?,bat
anvil|bat|bread,Answer using only one word - bat or bread and not anvil. Which is more similar in semantic meaning to anvil?,bat
anvil|bat|candle,Answer using only one word - bat or candle and not anvil. Which is more similar in semantic meaning to anvil?,bat
anvil|bat|cart,Answer using only one word - bat or cart and not anvil. Which is more similar in semantic meaning to anvil?,cart
anvil|bat|chinchilla,Answer using only one word - bat or chinchilla and not anvil. Which is more similar in semantic meaning to anvil?,bat
anvil|bat|crow,Answer using only one word - bat or crow and not anvil. Which is more similar in semantic meaning to anvil?,crow
anvil|bat|eggbeater,Answer using only one word - bat or eggbeater and not anvil. Which is more similar in semantic meaning to anvil?,bat
anvil|bat|grenade,Answer using only one word - bat or grenade and not anvil. Which is more similar in semantic meaning to anvil?,bat
anvil|beaver|beet,Answer using only one word - beaver or beet and not anvil. Which is more similar in semantic meaning to anvil?,beet
anvil|beaver|blender,Answer using only one word - beaver or blender and not anvil. Which is more similar in semantic meaning to anvil?,beaver
anvil|beaver|bread,Answer using only one word - beaver or bread and not anvil. Which is more similar in semantic meaning to anvil?,beaver
anvil|beaver|candle,Answer using only one word - beaver or candle and not anvil. Which is more similar in semantic meaning to anvil?,beaver
anvil|beaver|cart,Answer using only one word - beaver or cart and not anvil. Which is more similar in semantic meaning to anvil?,beaver
anvil|beaver|chinchilla,Answer using only one word - beaver or chinchilla and not anvil. Which is more similar in semantic meaning to anvil?,beaver
anvil|beaver|crow,Answer using only one word - beaver or crow and not anvil. Which is more similar in semantic meaning to anvil?,beaver
anvil|beaver|eggbeater,Answer using only one word - beaver or eggbeater and not anvil. Which is more similar in semantic meaning to anvil?,beaver
anvil|beaver|grenade,Answer using only one word - beaver or grenade and not anvil. Which is more similar in semantic meaning to anvil?,beaver
anvil|bed|beetle,Answer using only one word - bed or beetle and not anvil. Which is more similar in semantic meaning to anvil?,beetle
anvil|bed|blowtorch,Answer using only one word - bed or blowtorch and not anvil. Which is more similar in semantic meaning to anvil?,bed
anvil|bed|brussels sprouts,Answer using only one word - bed or brussels sprouts and not anvil. Which is more similar in semantic meaning to anvil?,brussels sprouts
anvil|bed|candy,Answer using only one word - bed or candy and not anvil. Which is more similar in semantic meaning to anvil?,bed
anvil|bed|cat,Answer using only one word - bed or cat and not anvil. Which is more similar in semantic meaning to anvil?,bed
anvil|bed|chisel,Answer using only one word - bed or chisel and not anvil. Which is more similar in semantic meaning to anvil?,chisel
anvil|bed|crowbar,Answer using only one word - bed or crowbar and not anvil. Which is more similar in semantic meaning to anvil?,crowbar
anvil|bed|fig,Answer using only one word - bed or fig and not anvil. Which is more similar in semantic meaning to anvil?,fig
anvil|bed|jeans,Answer using only one word - bed or jeans and not anvil. Which is more similar in semantic meaning to anvil?,bed
anvil|beet|belt,Answer using only one word - beet or belt and not anvil. Which is more similar in semantic meaning to anvil?,belt
anvil|beet|boa,Answer using only one word - beet or boa and not anvil. Which is more similar in semantic meaning to anvil?,beet
anvil|beet|burrito,Answer using only one word - beet or burrito and not anvil. Which is more similar in semantic meaning to anvil?,beet
anvil|beet|car,Answer using only one word - beet or car and not anvil. Which is more similar in semantic meaning to anvil?,car
anvil|beet|celery,Answer using only one word - beet or celery and not anvil. Which is more similar in semantic meaning to anvil?,celery
anvil|beet|coat,Answer using only one word - beet or coat and not anvil. Which is more similar in semantic meaning to anvil?,coat
anvil|beet|dress,Answer using only one word - beet or dress and not anvil. Which is more similar in semantic meaning to anvil?,dress
anvil|beet|flute,Answer using only one word - beet or flute and not anvil. Which is more similar in semantic meaning to anvil?,beet
anvil|beet|motorcycle,Answer using only one word - beet or motorcycle and not anvil. Which is more similar in semantic meaning to anvil?,beet
anvil|beetle|blowtorch,Answer using only one word - beetle or blowtorch and not anvil. Which is more similar in semantic meaning to anvil?,beetle
anvil|beetle|brussels sprouts,Answer using only one word - beetle or brussels sprouts and not anvil. Which is more similar in semantic meaning to anvil?,brussels
anvil|beetle|candy,Answer using only one word - beetle or candy and not anvil. Which is more similar in semantic meaning to anvil?,beetle
anvil|beetle|cat,Answer using only one word - beetle or cat and not anvil. Which is more similar in semantic meaning to anvil?,beetle
anvil|beetle|chisel,Answer using only one word - beetle or chisel and not anvil. Which is more similar in semantic meaning to anvil?,chisel
anvil|beetle|crowbar,Answer using only one word - beetle or crowbar and not anvil. Which is more similar in semantic meaning to anvil?,crowbar
anvil|beetle|fig,Answer using only one word - beetle or fig and not anvil. Which is more similar in semantic meaning to anvil?,beetle
anvil|beetle|jeans,Answer using only one word - beetle or jeans and not anvil. Which is more similar in semantic meaning to anvil?,beetle
anvil|bell|blender,Answer using only one word - bell or blender and not anvil. Which is more similar in semantic meaning to anvil?,bell
anvil|bell|bread,Answer using only one word - bell or bread and not anvil. Which is more similar in semantic meaning to anvil?,bell
anvil|bell|candle,Answer using only one word - bell or candle and not anvil. Which is more similar in semantic meaning to anvil?,bell
anvil|bell|cart,Answer using only one word - bell or cart and not anvil. Which is more similar in semantic meaning to anvil?,bell
anvil|bell|chinchilla,Answer using only one word - bell or chinchilla and not anvil. Which is more similar in semantic meaning to anvil?,bell
anvil|bell|crow,Answer using only one word - bell or crow and not anvil. Which is more similar in semantic meaning to anvil?,bell
anvil|bell|eggbeater,Answer using only one word - bell or eggbeater and not anvil. Which is more similar in semantic meaning to anvil?,bell
anvil|bell|grenade,Answer using only one word - bell or grenade and not anvil. Which is more similar in semantic meaning to anvil?,bell
anvil|belt|blender,Answer using only one word - belt or blender and not anvil. Which is more similar in semantic meaning to anvil?,belt
anvil|belt|bread,Answer using only one word - belt or bread and not anvil. Which is more similar in semantic meaning to anvil?,belt
anvil|belt|candle,Answer using only one word - belt or candle and not anvil. Which is more similar in semantic meaning to anvil?,belt
anvil|belt|cart,Answer using only one word - belt or cart and not anvil. Which is more similar in semantic meaning to anvil?,belt
anvil|belt|chinchilla,Answer using only one word - belt or chinchilla and not anvil. Which is more similar in semantic meaning to anvil?,belt
anvil|belt|crow,Answer using only one word - belt or crow and not anvil. Which is more similar in semantic meaning to anvil?,belt
anvil|belt|eggbeater,Answer using only one word - belt or eggbeater and not anvil. Which is more similar in semantic meaning to anvil?,belt
anvil|belt|grenade,Answer using only one word - belt or grenade and not anvil. Which is more similar in semantic meaning to anvil?,belt
anvil|bird|blowtorch,Answer using only one word - bird or blowtorch and not anvil. Which is more similar in semantic meaning to anvil?,bird
anvil|bird|brussels sprouts,Answer using only one word - bird or brussels sprouts and not anvil. Which is more similar in semantic meaning to anvil?,bird
anvil|bird|candy,Answer using only one word - bird or candy and not anvil. Which is more similar in semantic meaning to anvil?,bird
anvil|bird|cat,Answer using only one word - bird or cat and not anvil. Which is more similar in semantic meaning to anvil?,bird
anvil|bird|chisel,Answer using only one word - bird or chisel and not anvil. Which is more similar in semantic meaning to anvil?,chisel
anvil|bird|crowbar,Answer using only one word - bird or crowbar and not anvil. Which is more similar in semantic meaning to anvil?,crowbar
anvil|bird|fig,Answer using only one word - bird or fig and not anvil. Which is more similar in semantic meaning to anvil?,bird
anvil|bird|jeans,Answer using only one word - bird or jeans and not anvil. Which is more similar in semantic meaning to anvil?,bird
anvil|blender|boa,Answer using only one word - blender or boa and not anvil. Which is more similar in semantic meaning to anvil?,blender
anvil|blender|burrito,Answer using only one word - blender or burrito and not anvil. Which is more similar in semantic meaning to anvil?,blender
anvil|blender|car,Answer using only one word - blender or car and not anvil. Which is more similar in semantic meaning to anvil?,blender
anvil|blender|celery,Answer using only one word - blender or celery and not anvil. Which is more similar in semantic meaning to anvil?,blender
anvil|blender|coat,Answer using only one word - blender or coat and not anvil. Which is more similar in semantic meaning to anvil?,coat
anvil|blender|dress,Answer using only one word - blender or dress and not anvil. Which is more similar in semantic meaning to anvil?,blender
anvil|blender|flute,Answer using only one word - blender or flute and not anvil. Which is more similar in semantic meaning to anvil?,flute
anvil|blender|motorcycle,Answer using only one word - blender or motorcycle and not anvil. Which is more similar in semantic meaning to anvil?,blender
anvil|blowtorch|brussels sprouts,Answer using only one word - blowtorch or brussels sprouts and not anvil. Which is more similar in semantic meaning to anvil?,blowtorch
anvil|blowtorch|candy,Answer using only one word - blowtorch or candy and not anvil. Which is more similar in semantic meaning to anvil?,blowtorch
anvil|blowtorch|cat,Answer using only one word - blowtorch or cat and not anvil. Which is more similar in semantic meaning to anvil?,blowtorch
anvil|blowtorch|chisel,Answer using only one word - blowtorch or chisel and not anvil. Which is more similar in semantic meaning to anvil?,chisel
anvil|blowtorch|crowbar,Answer using only one word - blowtorch or crowbar and not anvil. Which is more similar in semantic meaning to anvil?,crowbar
anvil|blowtorch|fig,Answer using only one word - blowtorch or fig and not anvil. Which is more similar in semantic meaning to anvil?,blowtorch
anvil|blowtorch|jeans,Answer using only one word - blowtorch or jeans and not anvil. Which is more similar in semantic meaning to anvil?,blowtorch
anvil|blueberry|bread,Answer using only one word - blueberry or bread and not anvil. Which is more similar in semantic meaning to anvil?,bread
anvil|blueberry|candle,Answer using only one word - blueberry or candle and not anvil. Which is more similar in semantic meaning to anvil?,candle
anvil|blueberry|cart,Answer using only one word - blueberry or cart and not anvil. Which is more similar in semantic meaning to anvil?,cart
anvil|blueberry|chinchilla,Answer using only one word - blueberry or chinchilla and not anvil. Which is more similar in semantic meaning to anvil?,chinchilla
anvil|blueberry|crow,Answer using only one word - blueberry or crow and not anvil. Which is more similar in semantic meaning to anvil?,crow
anvil|blueberry|eggbeater,Answer using only one word - blueberry or eggbeater and not anvil. Which is more similar in semantic meaning to anvil?,eggbeater
anvil|blueberry|grenade,Answer using only one word - blueberry or grenade and not anvil. Which is more similar in semantic meaning to anvil?,grenade
anvil|boa|bread,Answer using only one word - boa or bread and not anvil. Which is more similar in semantic meaning to anvil?,boa
anvil|boa|candle,Answer using only one word - boa or candle and not anvil. Which is more similar in semantic meaning to anvil?,candle
anvil|boa|cart,Answer using only one word - boa or cart and not anvil. Which is more similar in semantic meaning to anvil?,cart
anvil|boa|chinchilla,Answer using only one word - boa or chinchilla and not anvil. Which is more similar in semantic meaning to anvil?,chinchilla
anvil|boa|crow,Answer using only one word - boa or crow and not anvil. Which is more similar in semantic meaning to anvil?,crow
anvil|boa|eggbeater,Answer using only one word - boa or eggbeater and not anvil. Which is more similar in semantic meaning to anvil?,boa
anvil|boa|grenade,Answer using only one word - boa or grenade and not anvil. Which is more similar in semantic meaning to anvil?,boa
anvil|boar|brussels sprouts,Answer using only one word - boar or brussels sprouts and not anvil. Which is more similar in semantic meaning to anvil?,brussels
anvil|boar|candy,Answer using only one word - boar or candy and not anvil. Which is more similar in semantic meaning to anvil?,boar
anvil|boar|cat,Answer using only one word - boar or cat and not anvil. Which is more similar in semantic meaning to anvil?,boar
anvil|boar|chisel,Answer using only one word - boar or chisel and not anvil. Which is more similar in semantic meaning to anvil?,chisel
anvil|boar|crowbar,Answer using only one word - boar or crowbar and not anvil. Which is more similar in semantic meaning to anvil?,Crowbar
anvil|boar|fig,Answer using only one word - boar or fig and not anvil. Which is more similar in semantic meaning to anvil?,boar
anvil|boar|jeans,Answer using only one word - boar or jeans and not anvil. Which is more similar in semantic meaning to anvil?,boar
anvil|bread|burrito,Answer using only one word - bread or burrito and not anvil. Which is more similar in semantic meaning to anvil?,bread
anvil|bread|car,Answer using only one word - bread or car and not anvil. Which is more similar in semantic meaning to anvil?,bread
anvil|bread|celery,Answer using only one word - bread or celery and not anvil. Which is more similar in semantic meaning to anvil?,bread
anvil|bread|coat,Answer using only one word - bread or coat and not anvil. Which is more similar in semantic meaning to anvil?,coat
anvil|bread|dress,Answer using only one word - bread or dress and not anvil. Which is more similar in semantic meaning to anvil?,bread
anvil|bread|flute,Answer using only one word - bread or flute and not anvil. Which is more similar in semantic meaning to anvil?,flute
anvil|bread|motorcycle,Answer using only one word - bread or motorcycle and not anvil. Which is more similar in semantic meaning to anvil?,bread
anvil|brussels sprouts|candy,Answer using only one word - brussels sprouts or candy and not anvil. Which is more similar in semantic meaning to anvil?,brussels
anvil|brussels sprouts|cat,Answer using only one word - brussels sprouts or cat and not anvil. Which is more similar in semantic meaning to anvil?,brussels sprouts
anvil|brussels sprouts|chisel,Answer using only one word - brussels sprouts or chisel and not anvil. Which is more similar in semantic meaning to anvil?,Chisel
anvil|brussels sprouts|crowbar,Answer using only one word - brussels sprouts or crowbar and not anvil. Which is more similar in semantic meaning to anvil?,crowbar
anvil|brussels sprouts|fig,Answer using only one word - brussels sprouts or fig and not anvil. Which is more similar in semantic meaning to anvil?,brussels
anvil|brussels sprouts|jeans,Answer using only one word - brussels sprouts or jeans and not anvil. Which is more similar in semantic meaning to anvil?,brussels
anvil|bucket|candle,Answer using only one word - bucket or candle and not anvil. Which is more similar in semantic meaning to anvil?,candle
anvil|bucket|cart,Answer using only one word - bucket or cart and not anvil. Which is more similar in semantic meaning to anvil?,bucket
anvil|bucket|chinchilla,Answer using only one word - bucket or chinchilla and not anvil. Which is more similar in semantic meaning to anvil?,chinchilla
anvil|bucket|crow,Answer using only one word - bucket or crow and not anvil. Which is more similar in semantic meaning to anvil?,crow
anvil|bucket|eggbeater,Answer using only one word - bucket or eggbeater and not anvil. Which is more similar in semantic meaning to anvil?,bucket
anvil|bucket|grenade,Answer using only one word - bucket or grenade and not anvil. Which is more similar in semantic meaning to anvil?,bucket
anvil|burrito|candle,Answer using only one word - burrito or candle and not anvil. Which is more similar in semantic meaning to anvil?,burrito
anvil|burrito|cart,Answer using only one word - burrito or cart and not anvil. Which is more similar in semantic meaning to anvil?,cart
anvil|burrito|chinchilla,Answer using only one word - burrito or chinchilla and not anvil. Which is more similar in semantic meaning to anvil?,chinchilla
anvil|burrito|crow,Answer using only one word - burrito or crow and not anvil. Which is more similar in semantic meaning to anvil?,crow
anvil|burrito|eggbeater,Answer using only one word - burrito or eggbeater and not anvil. Which is more similar in semantic meaning to anvil?,burrito
anvil|burrito|grenade,Answer using only one word - burrito or grenade and not anvil. Which is more similar in semantic meaning to anvil?,grenade
anvil|cactus|candy,Answer using only one word - cactus or candy and not anvil. Which is more similar in semantic meaning to anvil?,cactus
anvil|cactus|cat,Answer using only one word - cactus or cat and not anvil. Which is more similar in semantic meaning to anvil?,cactus
anvil|cactus|chisel,Answer using only one word - cactus or chisel and not anvil. Which is more similar in semantic meaning to anvil?,chisel
anvil|cactus|crowbar,Answer using only one word - cactus or crowbar and not anvil. Which is more similar in semantic meaning to anvil?,crowbar
anvil|cactus|fig,Answer using only one word - cactus or fig and not anvil. Which is more similar in semantic meaning to anvil?,fig
anvil|cactus|jeans,Answer using only one word - cactus or jeans and not anvil. Which is more similar in semantic meaning to anvil?,cactus
anvil|candle|car,Answer using only one word - candle or car and not anvil. Which is more similar in semantic meaning to anvil?,candle
anvil|candle|celery,Answer using only one word - candle or celery and not anvil. Which is more similar in semantic meaning to anvil?,candle
anvil|candle|coat,Answer using only one word - candle or coat and not anvil. Which is more similar in semantic meaning to anvil?,candle
anvil|candle|dress,Answer using only one word - candle or dress and not anvil. Which is more similar in semantic meaning to anvil?,candle
anvil|candle|flute,Answer using only one word - candle or flute and not anvil. Which is more similar in semantic meaning to anvil?,candle
anvil|candle|motorcycle,Answer using only one word - candle or motorcycle and not anvil. Which is more similar in semantic meaning to anvil?,candle
anvil|candy|cat,Answer using only one word - candy or cat and not anvil. Which is more similar in semantic meaning to anvil?,candy
anvil|candy|chisel,Answer using only one word - candy or chisel and not anvil. Which is more similar in semantic meaning to anvil?,chisel
anvil|candy|crowbar,Answer using only one word - candy or crowbar and not anvil. Which is more similar in semantic meaning to anvil?,crowbar
anvil|candy|fig,Answer using only one word - candy or fig and not anvil. Which is more similar in semantic meaning to anvil?,candy
anvil|candy|jeans,Answer using only one word - candy or jeans and not anvil. Which is more similar in semantic meaning to anvil?,candy
anvil|cannon|cart,Answer using only one word - cannon or cart and not anvil. Which is more similar in semantic meaning to anvil?,cannon
anvil|cannon|chinchilla,Answer using only one word - cannon or chinchilla and not anvil. Which is more similar in semantic meaning to anvil?,cannon
anvil|cannon|crow,Answer using only one word - cannon or crow and not anvil. Which is more similar in semantic meaning to anvil?,cannon
anvil|cannon|eggbeater,Answer using only one word - cannon or eggbeater and not anvil. Which is more similar in semantic meaning to anvil?,cannon
anvil|cannon|grenade,Answer using only one word - cannon or grenade and not anvil. Which is more similar in semantic meaning to anvil?,cannon
anvil|car|cart,Answer using only one word - car or cart and not anvil. Which is more similar in semantic meaning to anvil?,cart
anvil|car|chinchilla,Answer using only one word - car or chinchilla and not anvil. Which is more similar in semantic meaning to anvil?,car
anvil|car|crow,Answer using only one word - car or crow and not anvil. Which is more similar in semantic meaning to anvil?,car
anvil|car|eggbeater,Answer using only one word - car or eggbeater and not anvil. Which is more similar in semantic meaning to anvil?,car
anvil|car|grenade,Answer using only one word - car or grenade and not anvil. Which is more similar in semantic meaning to anvil?,car
anvil|carrot|cat,Answer using only one word - carrot or cat and not anvil. Which is more similar in semantic meaning to anvil?,carrot
anvil|carrot|chisel,Answer using only one word - carrot or chisel and not anvil. Which is more similar in semantic meaning to anvil?,chisel
anvil|carrot|crowbar,Answer using only one word - carrot or crowbar and not anvil. Which is more similar in semantic meaning to anvil?,carrot
anvil|carrot|fig,Answer using only one word - carrot or fig and not anvil. Which is more similar in semantic meaning to anvil?,carrot
anvil|carrot|jeans,Answer using only one word - carrot or jeans and not anvil. Which is more similar in semantic meaning to anvil?,carrot
anvil|cart|celery,Answer using only one word - cart or celery and not anvil. Which is more similar in semantic meaning to anvil?,cart
anvil|cart|coat,Answer using only one word - cart or coat and not anvil. Which is more similar in semantic meaning to anvil?,coat
anvil|cart|dress,Answer using only one word - cart or dress and not anvil. Which is more similar in semantic meaning to anvil?,dress
anvil|cart|flute,Answer using only one word - cart or flute and not anvil. Which is more similar in semantic meaning to anvil?,cart
anvil|cart|motorcycle,Answer using only one word - cart or motorcycle and not anvil. Which is more similar in semantic meaning to anvil?,cart
anvil|cat|chisel,Answer using only one word - cat or chisel and not anvil. Which is more similar in semantic meaning to anvil?,chisel
anvil|cat|crowbar,Answer using only one word - cat or crowbar and not anvil. Which is more similar in semantic meaning to anvil?,crowbar
anvil|cat|fig,Answer using only one word - cat or fig and not anvil. Which is more similar in semantic meaning to anvil?,fig
anvil|cat|jeans,Answer using only one word - cat or jeans and not anvil. Which is more similar in semantic meaning to anvil?,cat
anvil|caterpillar|chinchilla,Answer using only one word - caterpillar or chinchilla and not anvil. Which is more similar in semantic meaning to anvil?,caterpillar
anvil|caterpillar|crow,Answer using only one word - caterpillar or crow and not anvil. Which is more similar in semantic meaning to anvil?,caterpillar
anvil|caterpillar|eggbeater,Answer using only one word - caterpillar or eggbeater and not anvil. Which is more similar in semantic meaning to anvil?,caterpillar
anvil|caterpillar|grenade,Answer using only one word - caterpillar or grenade and not anvil. Which is more similar in semantic meaning to anvil?,caterpillar
anvil|celery|chinchilla,Answer using only one word - celery or chinchilla and not anvil. Which is more similar in semantic meaning to anvil?,chinchilla
anvil|celery|crow,Answer using only one word - celery or crow and not anvil. Which is more similar in semantic meaning to anvil?,crow
anvil|celery|eggbeater,Answer using only one word - celery or eggbeater and not anvil. Which is more similar in semantic meaning to anvil?,celery
anvil|celery|grenade,Answer using only one word - celery or grenade and not anvil. Which is more similar in semantic meaning to anvil?,celery
anvil|chili|chisel,Answer using only one word - chili or chisel and not anvil. Which is more similar in semantic meaning to anvil?,chisel
anvil|chili|crowbar,Answer using only one word - chili or crowbar and not anvil. Which is more similar in semantic meaning to anvil?,crowbar
anvil|chili|fig,Answer using only one word - chili or fig and not anvil. Which is more similar in semantic meaning to anvil?,chili
anvil|chili|jeans,Answer using only one word - chili or jeans and not anvil. Which is more similar in semantic meaning to anvil?,chili
anvil|chinchilla|coat,Answer using only one word - chinchilla or coat and not anvil. Which is more similar in semantic meaning to anvil?,coat
anvil|chinchilla|dress,Answer using only one word - chinchilla or dress and not anvil. Which is more similar in semantic meaning to anvil?,dress
anvil|chinchilla|flute,Answer using only one word - chinchilla or flute and not anvil. Which is more similar in semantic meaning to anvil?,Flute
anvil|chinchilla|motorcycle,Answer using only one word - chinchilla or motorcycle and not anvil. Which is more similar in semantic meaning to anvil?,chinchilla
anvil|chisel|crowbar,Answer using only one word - chisel or crowbar and not anvil. Which is more similar in semantic meaning to anvil?,Chisel
anvil|chisel|fig,Answer using only one word - chisel or fig and not anvil. Which is more similar in semantic meaning to anvil?,chisel
anvil|chisel|jeans,Answer using only one word - chisel or jeans and not anvil. Which is more similar in semantic meaning to anvil?,Chisel
anvil|clarinet|crow,Answer using only one word - clarinet or crow and not anvil. Which is more similar in semantic meaning to anvil?,crow
anvil|clarinet|eggbeater,Answer using only one word - clarinet or eggbeater and not anvil. Which is more similar in semantic meaning to anvil?,clarinet
anvil|clarinet|grenade,Answer using only one word - clarinet or grenade and not anvil. Which is more similar in semantic meaning to anvil?,clarinet
anvil|coat|crow,Answer using only one word - coat or crow and not anvil. Which is more similar in semantic meaning to anvil?,coat
anvil|coat|eggbeater,Answer using only one word - coat or eggbeater and not anvil. Which is more similar in semantic meaning to anvil?,coat
anvil|coat|grenade,Answer using only one word - coat or grenade and not anvil. Which is more similar in semantic meaning to anvil?,coat
anvil|coconut|crowbar,Answer using only one word - coconut or crowbar and not anvil. Which is more similar in semantic meaning to anvil?,coconut
anvil|coconut|fig,Answer using only one word - coconut or fig and not anvil. Which is more similar in semantic meaning to anvil?,fig
anvil|coconut|jeans,Answer using only one word - coconut or jeans and not anvil. Which is more similar in semantic meaning to anvil?,coconut
anvil|crow|dress,Answer using only one word - crow or dress and not anvil. Which is more similar in semantic meaning to anvil?,crow
anvil|crow|flute,Answer using only one word - crow or flute and not anvil. Which is more similar in semantic meaning to anvil?,crow
anvil|crow|motorcycle,Answer using only one word - crow or motorcycle and not anvil. Which is more similar in semantic meaning to anvil?,crow
anvil|crowbar|fig,Answer using only one word - crowbar or fig and not anvil. Which is more similar in semantic meaning to anvil?,crowbar
anvil|crowbar|jeans,Answer using only one word - crowbar or jeans and not anvil. Which is more similar in semantic meaning to anvil?,crowbar
anvil|dragonfly|eggbeater,Answer using only one word - dragonfly or eggbeater and not anvil. Which is more similar in semantic meaning to anvil?,dragonfly
anvil|dragonfly|grenade,Answer using only one word - dragonfly or grenade and not anvil. Which is more similar in semantic meaning to anvil?,grenade
anvil|dress|eggbeater,Answer using only one word - dress or eggbeater and not anvil. Which is more similar in semantic meaning to anvil?,dress
anvil|dress|grenade,Answer using only one word - dress or grenade and not anvil. Which is more similar in semantic meaning to anvil?,dress
anvil|eagle|fig,Answer using only one word - eagle or fig and not anvil. Which is more similar in semantic meaning to anvil?,eagle
anvil|eagle|jeans,Answer using only one word - eagle or jeans and not anvil. Which is more similar in semantic meaning to anvil?,eagle
anvil|eggbeater|flute,Answer using only one word - eggbeater or flute and not anvil. Which is more similar in semantic meaning to anvil?,flute
anvil|eggbeater|motorcycle,Answer using only one word - eggbeater or motorcycle and not anvil. Which is more similar in semantic meaning to anvil?,motorcycle
anvil|fig|jeans,Answer using only one word - fig or jeans and not anvil. Which is more similar in semantic meaning to anvil?,fig
anvil|file|grenade,Answer using only one word - file or grenade and not anvil. Which is more similar in semantic meaning to anvil?,file
anvil|flute|grenade,Answer using only one word - flute or grenade and not anvil. Which is more similar in semantic meaning to anvil?,flute
anvil|fly|jeans,Answer using only one word - fly or jeans and not anvil. Which is more similar in semantic meaning to anvil?,fly
anvil|grenade|motorcycle,Answer using only one word - grenade or motorcycle and not anvil. Which is more similar in semantic meaning to anvil?,grenade
apple|artichoke|banana,Answer using only one word - artichoke or banana and not apple. Which is more similar in semantic meaning to apple?,banana
apple|artichoke|bed,Answer using only one word - artichoke or bed and not apple. Which is more similar in semantic meaning to apple?,artichoke
apple|artichoke|bird,Answer using only one word - artichoke or bird and not apple. Which is more similar in semantic meaning to apple?,artichoke
apple|artichoke|boar,Answer using only one word - artichoke or boar and not apple. Which is more similar in semantic meaning to apple?,artichoke
apple|artichoke|cactus,Answer using only one word - artichoke or cactus and not apple. Which is more similar in semantic meaning to apple?,artichoke
apple|artichoke|carrot,Answer using only one word - artichoke or carrot and not apple. Which is more similar in semantic meaning to apple?,carrot
apple|artichoke|chili,Answer using only one word - artichoke or chili and not apple. Which is more similar in semantic meaning to apple?,artichoke
apple|artichoke|coconut,Answer using only one word - artichoke or coconut and not apple. Which is more similar in semantic meaning to apple?,coconut
apple|artichoke|eagle,Answer using only one word - artichoke or eagle and not apple. Which is more similar in semantic meaning to apple?,artichoke
apple|artichoke|fly,Answer using only one word - artichoke or fly and not apple. Which is more similar in semantic meaning to apple?,artichoke
apple|bagel|banana,Answer using only one word - bagel or banana and not apple. Which is more similar in semantic meaning to apple?,banana
apple|bagel|bed,Answer using only one word - bagel or bed and not apple. Which is more similar in semantic meaning to apple?,bagel
apple|bagel|bird,Answer using only one word - bagel or bird and not apple. Which is more similar in semantic meaning to apple?,bird
apple|bagel|boar,Answer using only one word - bagel or boar and not apple. Which is more similar in semantic meaning to apple?,bagel
apple|bagel|cactus,Answer using only one word - bagel or cactus and not apple. Which is more similar in semantic meaning to apple?,bagel
apple|bagel|carrot,Answer using only one word - bagel or carrot and not apple. Which is more similar in semantic meaning to apple?,carrot
apple|bagel|chili,Answer using only one word - bagel or chili and not apple. Which is more similar in semantic meaning to apple?,chili
apple|bagel|coconut,Answer using only one word - bagel or coconut and not apple. Which is more similar in semantic meaning to apple?,coconut
apple|bagel|eagle,Answer using only one word - bagel or eagle and not apple. Which is more similar in semantic meaning to apple?,bagel
apple|bagel|fly,Answer using only one word - bagel or fly and not apple. Which is more similar in semantic meaning to apple?,bagel
apple|banana|banjo,Answer using only one word - banana or banjo and not apple. Which is more similar in semantic meaning to apple?,banana
apple|banana|beet,Answer using only one word - banana or beet and not apple. Which is more similar in semantic meaning to apple?,banana
apple|banana|blender,Answer using only one word - banana or blender and not apple. Which is more similar in semantic meaning to apple?,banana
apple|banana|bread,Answer using only one word - banana or bread and not apple. Which is more similar in semantic meaning to apple?,banana
apple|banana|candle,Answer using only one word - banana or candle and not apple. Which is more similar in semantic meaning to apple?,banana
apple|banana|cart,Answer using only one word - banana or cart and not apple. Which is more similar in semantic meaning to apple?,banana
apple|banana|chinchilla,Answer using only one word - banana or chinchilla and not apple. Which is more similar in semantic meaning to apple?,banana
apple|banana|crow,Answer using only one word - banana or crow and not apple. Which is more similar in semantic meaning to apple?,banana
apple|banana|eggbeater,Answer using only one word - banana or eggbeater and not apple. Which is more similar in semantic meaning to apple?,banana
apple|banana|grenade,Answer using only one word - banana or grenade and not apple. Which is more similar in semantic meaning to apple?,banana
apple|banjo|bat,Answer using only one word - banjo or bat and not apple. Which is more similar in semantic meaning to apple?,bat
apple|banjo|bell,Answer using only one word - banjo or bell and not apple. Which is more similar in semantic meaning to apple?,bell
apple|banjo|blueberry,Answer using only one word - banjo or blueberry and not apple. Which is more similar in semantic meaning to apple?,blueberry
apple|banjo|bucket,Answer using only one word - banjo or bucket and not apple. Which is more similar in semantic meaning to apple?,bucket
apple|banjo|cannon,Answer using only one word - banjo or cannon and not apple. Which is more similar in semantic meaning to apple?,banjo
apple|banjo|caterpillar,Answer using only one word - banjo or caterpillar and not apple. Which is more similar in semantic meaning to apple?,caterpillar
apple|banjo|clarinet,Answer using only one word - banjo or clarinet and not apple. Which is more similar in semantic meaning to apple?,banjo
apple|banjo|dragonfly,Answer using only one word - banjo or dragonfly and not apple. Which is more similar in semantic meaning to apple?,banjo
apple|banjo|file,Answer using only one word - banjo or file and not apple. Which is more similar in semantic meaning to apple?,file
apple|banjo|missile,Answer using only one word - banjo or missile and not apple. Which is more similar in semantic meaning to apple?,banjo
apple|barrel|beet,Answer using only one word - barrel or beet and not apple. Which is more similar in semantic meaning to apple?,beet
apple|barrel|blender,Answer using only one word - barrel or blender and not apple. Which is more similar in semantic meaning to apple?,blender
apple|barrel|bread,Answer using only one word - barrel or bread and not apple. Which is more similar in semantic meaning to apple?,bread
apple|barrel|candle,Answer using only one word - barrel or candle and not apple. Which is more similar in semantic meaning to apple?,candle
apple|barrel|cart,Answer using only one word - barrel or cart and not apple. Which is more similar in semantic meaning to apple?,barrel
apple|barrel|chinchilla,Answer using only one word - barrel or chinchilla and not apple. Which is more similar in semantic meaning to apple?,chinchilla
apple|barrel|crow,Answer using only one word - barrel or crow and not apple. Which is more similar in semantic meaning to apple?,crow
apple|barrel|eggbeater,Answer using only one word - barrel or eggbeater and not apple. Which is more similar in semantic meaning to apple?,Eggbeater
apple|barrel|grenade,Answer using only one word - barrel or grenade and not apple. Which is more similar in semantic meaning to apple?,barrel
apple|bat|bed,Answer using only one word - bat or bed and not apple. Which is more similar in semantic meaning to apple?,bed
apple|bat|bird,Answer using only one word - bat or bird and not apple. Which is more similar in semantic meaning to apple?,bird
apple|bat|boar,Answer using only one word - bat or boar and not apple. Which is more similar in semantic meaning to apple?,boar
apple|bat|cactus,Answer using only one word - bat or cactus and not apple. Which is more similar in semantic meaning to apple?,cactus
apple|bat|carrot,Answer using only one word - bat or carrot and not apple. Which is more similar in semantic meaning to apple?,carrot
apple|bat|chili,Answer using only one word - bat or chili and not apple. Which is more similar in semantic meaning to apple?,chili
apple|bat|coconut,Answer using only one word - bat or coconut and not apple. Which is more similar in semantic meaning to apple?,coconut
apple|bat|eagle,Answer using only one word - bat or eagle and not apple. Which is more similar in semantic meaning to apple?,eagle
apple|bat|fly,Answer using only one word - bat or fly and not apple. Which is more similar in semantic meaning to apple?,fly
apple|beaver|bed,Answer using only one word - beaver or bed and not apple. Which is more similar in semantic meaning to apple?,beaver
apple|beaver|bird,Answer using only one word - beaver or bird and not apple. Which is more similar in semantic meaning to apple?,bird
apple|beaver|boar,Answer using only one word - beaver or boar and not apple. Which is more similar in semantic meaning to apple?,beaver
apple|beaver|cactus,Answer using only one word - beaver or cactus and not apple. Which is more similar in semantic meaning to apple?,cactus
apple|beaver|carrot,Answer using only one word - beaver or carrot and not apple. Which is more similar in semantic meaning to apple?,carrot
apple|beaver|chili,Answer using only one word - beaver or chili and not apple. Which is more similar in semantic meaning to apple?,chili
apple|beaver|coconut,Answer using only one word - beaver or coconut and not apple. Which is more similar in semantic meaning to apple?,coconut
apple|beaver|eagle,Answer using only one word - beaver or eagle and not apple. Which is more similar in semantic meaning to apple?,beaver
apple|beaver|fly,Answer using only one word - beaver or fly and not apple. Which is more similar in semantic meaning to apple?,beaver
apple|bed|beet,Answer using only one word - bed or beet and not apple. Which is more similar in semantic meaning to apple?,beet
apple|bed|blender,Answer using only one word - bed or blender and not apple. Which is more similar in semantic meaning to apple?,bed
apple|bed|bread,Answer using only one word - bed or bread and not apple. Which is more similar in semantic meaning to apple?,bread
apple|bed|candle,Answer using only one word - bed or candle and not apple. Which is more similar in semantic meaning to apple?,candle
apple|bed|cart,Answer using only one word - bed or cart and not apple. Which is more similar in semantic meaning to apple?,cart
apple|bed|chinchilla,Answer using only one word - bed or chinchilla and not apple. Which is more similar in semantic meaning to apple?,chinchilla
apple|bed|crow,Answer using only one word - bed or crow and not apple. Which is more similar in semantic meaning to apple?,crow
apple|bed|eggbeater,Answer using only one word - bed or eggbeater and not apple. Which is more similar in semantic meaning to apple?,eggbeater
apple|bed|grenade,Answer using only one word - bed or grenade and not apple. Which is more similar in semantic meaning to apple?,bed
apple|beet|bell,Answer using only one word - beet or bell and not apple. Which is more similar in semantic meaning to apple?,bell
apple|beet|blueberry,Answer using only one word - beet or blueberry and not apple. Which is more similar in semantic meaning to apple?,beet
apple|beet|bucket,Answer using only one word - beet or bucket and not apple. Which is more similar in semantic meaning to apple?,beet
apple|beet|cannon,Answer using only one word - beet or cannon and not apple. Which is more similar in semantic meaning to apple?,beet
apple|beet|caterpillar,Answer using only one word - beet or caterpillar and not apple. Which is more similar in semantic meaning to apple?,beet
apple|beet|clarinet,Answer using only one word - beet or clarinet and not apple. Which is more similar in semantic meaning to apple?,beet
apple|beet|dragonfly,Answer using only one word - beet or dragonfly and not apple. Which is more similar in semantic meaning to apple?,beet
apple|beet|file,Answer using only one word - beet or file and not apple. Which is more similar in semantic meaning to apple?,beet
apple|beet|missile,Answer using only one word - beet or missile and not apple. Which is more similar in semantic meaning to apple?,beet
apple|beetle|blender,Answer using only one word - beetle or blender and not apple. Which is more similar in semantic meaning to apple?,beetle
apple|beetle|bread,Answer using only one word - beetle or bread and not apple. Which is more similar in semantic meaning to apple?,bread
apple|beetle|candle,Answer using only one word - beetle or candle and not apple. Which is more similar in semantic meaning to apple?,candle
apple|beetle|cart,Answer using only one word - beetle or cart and not apple. Which is more similar in semantic meaning to apple?,beetle
apple|beetle|chinchilla,Answer using only one word - beetle or chinchilla and not apple. Which is more similar in semantic meaning to apple?,beetle
apple|beetle|crow,Answer using only one word - beetle or crow and not apple. Which is more similar in semantic meaning to apple?,beetle
apple|beetle|eggbeater,Answer using only one word - beetle or eggbeater and not apple. Which is more similar in semantic meaning to apple?,beetle
apple|beetle|grenade,Answer using only one word - beetle or grenade and not apple. Which is more similar in semantic meaning to apple?,beetle
apple|bell|bird,Answer using only one word - bell or bird and not apple. Which is more similar in semantic meaning to apple?,bird
apple|bell|boar,Answer using only one word - bell or boar and not apple. Which is more similar in semantic meaning to apple?,bell
apple|bell|cactus,Answer using only one word - bell or cactus and not apple. Which is more similar in semantic meaning to apple?,cactus
apple|bell|carrot,Answer using only one word - bell or carrot and not apple. Which is more similar in semantic meaning to apple?,carrot
apple|bell|chili,Answer using only one word - bell or chili and not apple. Which is more similar in semantic meaning to apple?,chili
apple|bell|coconut,Answer using only one word - bell or coconut and not apple. Which is more similar in semantic meaning to apple?,coconut
apple|bell|eagle,Answer using only one word - bell or eagle and not apple. Which is more similar in semantic meaning to apple?,bell
apple|bell|fly,Answer using only one word - bell or fly and not apple. Which is more similar in semantic meaning to apple?,bell
apple|belt|bird,Answer using only one word - belt or bird and not apple. Which is more similar in semantic meaning to apple?,bird
apple|belt|boar,Answer using only one word - belt or boar and not apple. Which is more similar in semantic meaning to apple?,belt
apple|belt|cactus,Answer using only one word - belt or cactus and not apple. Which is more similar in semantic meaning to apple?,cactus
apple|belt|carrot,Answer using only one word - belt or carrot and not apple. Which is more similar in semantic meaning to apple?,carrot
apple|belt|chili,Answer using only one word - belt or chili and not apple. Which is more similar in semantic meaning to apple?,chili
apple|belt|coconut,Answer using only one word - belt or coconut and not apple. Which is more similar in semantic meaning to apple?,coconut
apple|belt|eagle,Answer using only one word - belt or eagle and not apple. Which is more similar in semantic meaning to apple?,belt
apple|belt|fly,Answer using only one word - belt or fly and not apple. Which is more similar in semantic meaning to apple?,fly
apple|bird|blender,Answer using only one word - bird or blender and not apple. Which is more similar in semantic meaning to apple?,bird
apple|bird|bread,Answer using only one word - bird or bread and not apple. Which is more similar in semantic meaning to apple?,bread
apple|bird|candle,Answer using only one word - bird or candle and not apple. Which is more similar in semantic meaning to apple?,bird
apple|bird|cart,Answer using only one word - bird or cart and not apple. Which is more similar in semantic meaning to apple?,bird
apple|bird|chinchilla,Answer using only one word - bird or chinchilla and not apple. Which is more similar in semantic meaning to apple?,bird
apple|bird|crow,Answer using only one word - bird or crow and not apple. Which is more similar in semantic meaning to apple?,bird
apple|bird|eggbeater,Answer using only one word - bird or eggbeater and not apple. Which is more similar in semantic meaning to apple?,bird
apple|bird|grenade,Answer using only one word - bird or grenade and not apple. Which is more similar in semantic meaning to apple?,bird
apple|blender|blueberry,Answer using only one word - blender or blueberry and not apple. Which is more similar in semantic meaning to apple?,blueberry
apple|blender|bucket,Answer using only one word - blender or bucket and not apple. Which is more similar in semantic meaning to apple?,bucket
apple|blender|cannon,Answer using only one word - blender or cannon and not apple. Which is more similar in semantic meaning to apple?,blender
apple|blender|caterpillar,Answer using only one word - blender or caterpillar and not apple. Which is more similar in semantic meaning to apple?,caterpillar
apple|blender|clarinet,Answer using only one word - blender or clarinet and not apple. Which is more similar in semantic meaning to apple?,blender
apple|blender|dragonfly,Answer using only one word - blender or dragonfly and not apple. Which is more similar in semantic meaning to apple?,blender
apple|blender|file,Answer using only one word - blender or file and not apple. Which is more similar in semantic meaning to apple?,file
apple|blender|missile,Answer using only one word - blender or missile and not apple. Which is more similar in semantic meaning to apple?,blender
apple|blowtorch|bread,Answer using only one word - blowtorch or bread and not apple. Which is more similar in semantic meaning to apple?,bread
apple|blowtorch|candle,Answer using only one word - blowtorch or candle and not apple. Which is more similar in semantic meaning to apple?,candle
apple|blowtorch|cart,Answer using only one word - blowtorch or cart and not apple. Which is more similar in semantic meaning to apple?,cart
apple|blowtorch|chinchilla,Answer using only one word - blowtorch or chinchilla and not apple. Which is more similar in semantic meaning to apple?,chinchilla
apple|blowtorch|crow,Answer using only one word - blowtorch or crow and not apple. Which is more similar in semantic meaning to apple?,crow
apple|blowtorch|eggbeater,Answer using only one word - blowtorch or eggbeater and not apple. Which is more similar in semantic meaning to apple?,Eggbeater
apple|blowtorch|grenade,Answer using only one word - blowtorch or grenade and not apple. Which is more similar in semantic meaning to apple?,blowtorch
apple|blueberry|boar,Answer using only one word - blueberry or boar and not apple. Which is more similar in semantic meaning to apple?,blueberry
apple|blueberry|cactus,Answer using only one word - blueberry or cactus and not apple. Which is more similar in semantic meaning to apple?,blueberry
apple|blueberry|carrot,Answer using only one word - blueberry or carrot and not apple. Which is more similar in semantic meaning to apple?,blueberry
apple|blueberry|chili,Answer using only one word - blueberry or chili and not apple. Which is more similar in semantic meaning to apple?,blueberry
apple|blueberry|coconut,Answer using only one word - blueberry or coconut and not apple. Which is more similar in semantic meaning to apple?,blueberry
apple|blueberry|eagle,Answer using only one word - blueberry or eagle and not apple. Which is more similar in semantic meaning to apple?,blueberry
apple|blueberry|fly,Answer using only one word - blueberry or fly and not apple. Which is more similar in semantic meaning to apple?,blueberry
apple|boa|boar,Answer using only one word - boa or boar and not apple. Which is more similar in semantic meaning to apple?,boa
apple|boa|cactus,Answer using only one word - boa or cactus and not apple. Which is more similar in semantic meaning to apple?,cactus
apple|boa|carrot,Answer using only one word - boa or carrot and not apple. Which is more similar in semantic meaning to apple?,carrot
apple|boa|chili,Answer using only one word - boa or chili and not apple. Which is more similar in semantic meaning to apple?,chili
apple|boa|coconut,Answer using only one word - boa or coconut and not apple. Which is more similar in semantic meaning to apple?,coconut
apple|boa|eagle,Answer using only one word - boa or eagle and not apple. Which is more similar in semantic meaning to apple?,boa
apple|boa|fly,Answer using only one word - boa or fly and not apple. Which is more similar in semantic meaning to apple?,fly
apple|boar|bread,Answer using only one word - boar or bread and not apple. Which is more similar in semantic meaning to apple?,bread
apple|boar|candle,Answer using only one word - boar or candle and not apple. Which is more similar in semantic meaning to apple?,candle
apple|boar|cart,Answer using only one word - boar or cart and not apple. Which is more similar in semantic meaning to apple?,cart
apple|boar|chinchilla,Answer using only one word - boar or chinchilla and not apple. Which is more similar in semantic meaning to apple?,Chinchilla
apple|boar|crow,Answer using only one word - boar or crow and not apple. Which is more similar in semantic meaning to apple?,crow
apple|boar|eggbeater,Answer using only one word - boar or eggbeater and not apple. Which is more similar in semantic meaning to apple?,Eggbeater
apple|boar|grenade,Answer using only one word - boar or grenade and not apple. Which is more similar in semantic meaning to apple?,boar
apple|bread|bucket,Answer using only one word - bread or bucket and not apple. Which is more similar in semantic meaning to apple?,bread
apple|bread|cannon,Answer using only one word - bread or cannon and not apple. Which is more similar in semantic meaning to apple?,bread
apple|bread|caterpillar,Answer using only one word - bread or caterpillar and not apple. Which is more similar in semantic meaning to apple?,bread
apple|bread|clarinet,Answer using only one word - bread or clarinet and not apple. Which is more similar in semantic meaning to apple?,bread
apple|bread|dragonfly,Answer using only one word - bread or dragonfly and not apple. Which is more similar in semantic meaning to apple?,bread
apple|bread|file,Answer using only one word - bread or file and not apple. Which is more similar in semantic meaning to apple?,bread
apple|bread|missile,Answer using only one word - bread or missile and not apple. Which is more similar in semantic meaning to apple?,bread
apple|brussels sprouts|candle,Answer using only one word - brussels sprouts or candle and not apple. Which is more similar in semantic meaning to apple?,brussels sprouts
apple|brussels sprouts|cart,Answer using only one word - brussels sprouts or cart and not apple. Which is more similar in semantic meaning to apple?,brussels
apple|brussels sprouts|chinchilla,Answer using only one word - brussels sprouts or chinchilla and not apple. Which is more similar in semantic meaning to apple?,brussels
apple|brussels sprouts|crow,Answer using only one word - brussels sprouts or crow and not apple. Which is more similar in semantic meaning to apple?,brussels
apple|brussels sprouts|eggbeater,Answer using only one word - brussels sprouts or eggbeater and not apple. Which is more similar in semantic meaning to apple?,Brussels sprouts
apple|brussels sprouts|grenade,Answer using only one word - brussels sprouts or grenade and not apple. Which is more similar in semantic meaning to apple?,brussels sprouts
apple|bucket|cactus,Answer using only one word - bucket or cactus and not apple. Which is more similar in semantic meaning to apple?,bucket
apple|bucket|carrot,Answer using only one word - bucket or carrot and not apple. Which is more similar in semantic meaning to apple?,carrot
apple|bucket|chili,Answer using only one word - bucket or chili and not apple. Which is more similar in semantic meaning to apple?,chili
apple|bucket|coconut,Answer using only one word - bucket or coconut and not apple. Which is more similar in semantic meaning to apple?,coconut
apple|bucket|eagle,Answer using only one word - bucket or eagle and not apple. Which is more similar in semantic meaning to apple?,bucket
apple|bucket|fly,Answer using only one word - bucket or fly and not apple. Which is more similar in semantic meaning to apple?,bucket
apple|burrito|cactus,Answer using only one word - burrito or cactus and not apple. Which is more similar in semantic meaning to apple?,burrito
apple|burrito|carrot,Answer using only one word - burrito or carrot and not apple. Which is more similar in semantic meaning to apple?,carrot
apple|burrito|chili,Answer using only one word - burrito or chili and not apple. Which is more similar in semantic meaning to apple?,chili
apple|burrito|coconut,Answer using only one word - burrito or coconut and not apple. Which is more similar in semantic meaning to apple?,coconut
apple|burrito|eagle,Answer using only one word - burrito or eagle and not apple. Which is more similar in semantic meaning to apple?,burrito
apple|burrito|fly,Answer using only one word - burrito or fly and not apple. Which is more similar in semantic meaning to apple?,burrito
apple|cactus|candle,Answer using only one word - cactus or candle and not apple. Which is more similar in semantic meaning to apple?,cactus
apple|cactus|cart,Answer using only one word - cactus or cart and not apple. Which is more similar in semantic meaning to apple?,cactus
apple|cactus|chinchilla,Answer using only one word - cactus or chinchilla and not apple. Which is more similar in semantic meaning to apple?,cactus
apple|cactus|crow,Answer using only one word - cactus or crow and not apple. Which is more similar in semantic meaning to apple?,cactus
apple|cactus|eggbeater,Answer using only one word - cactus or eggbeater and not apple. Which is more similar in semantic meaning to apple?,cactus
apple|cactus|grenade,Answer using only one word - cactus or grenade and not apple. Which is more similar in semantic meaning to apple?,cactus
apple|candle|cannon,Answer using only one word - candle or cannon and not apple. Which is more similar in semantic meaning to apple?,cannon
apple|candle|caterpillar,Answer using only one word - candle or caterpillar and not apple. Which is more similar in semantic meaning to apple?,caterpillar
apple|candle|clarinet,Answer using only one word - candle or clarinet and not apple. Which is more similar in semantic meaning to apple?,candle
apple|candle|dragonfly,Answer using only one word - candle or dragonfly and not apple. Which is more similar in semantic meaning to apple?,candle
apple|candle|file,Answer using only one word - candle or file and not apple. Which is more similar in semantic meaning to apple?,file
apple|candle|missile,Answer using only one word - candle or missile and not apple. Which is more similar in semantic meaning to apple?,candle
apple|candy|cart,Answer using only one word - candy or cart and not apple. Which is more similar in semantic meaning to apple?,candy
apple|candy|chinchilla,Answer using only one word - candy or chinchilla and not apple. Which is more similar in semantic meaning to apple?,candy
apple|candy|crow,Answer using only one word - candy or crow and not apple. Which is more similar in semantic meaning to apple?,candy
apple|candy|eggbeater,Answer using only one word - candy or eggbeater and not apple. Which is more similar in semantic meaning to apple?,candy
apple|candy|grenade,Answer using only one word - candy or grenade and not apple. Which is more similar in semantic meaning to apple?,candy
apple|cannon|carrot,Answer using only one word - cannon or carrot and not apple. Which is more similar in semantic meaning to apple?,carrot
apple|cannon|chili,Answer using only one word - cannon or chili and not apple. Which is more similar in semantic meaning to apple?,chili
apple|cannon|coconut,Answer using only one word - cannon or coconut and not apple. Which is more similar in semantic meaning to apple?,coconut
apple|cannon|eagle,Answer using only one word - cannon or eagle and not apple. Which is more similar in semantic meaning to apple?,eagle
apple|cannon|fly,Answer using only one word - cannon or fly and not apple. Which is more similar in semantic meaning to apple?,fly
apple|car|carrot,Answer using only one word - car or carrot and not apple. Which is more similar in semantic meaning to apple?,carrot
apple|car|chili,Answer using only one word - car or chili and not apple. Which is more similar in semantic meaning to apple?,chili
apple|car|coconut,Answer using only one word - car or coconut and not apple. Which is more similar in semantic meaning to apple?,coconut
apple|car|eagle,Answer using only one word - car or eagle and not apple. Which is more similar in semantic meaning to apple?,eagle
apple|car|fly,Answer using only one word - car or fly and not apple. Which is more similar in semantic meaning to apple?,fly
apple|carrot|cart,Answer using only one word - carrot or cart and not apple. Which is more similar in semantic meaning to apple?,carrot
apple|carrot|chinchilla,Answer using only one word - carrot or chinchilla and not apple. Which is more similar in semantic meaning to apple?,carrot
apple|carrot|crow,Answer using only one word - carrot or crow and not apple. Which is more similar in semantic meaning to apple?,carrot
apple|carrot|eggbeater,Answer using only one word - carrot or eggbeater and not apple. Which is more similar in semantic meaning to apple?,carrot
apple|carrot|grenade,Answer using only one word - carrot or grenade and not apple. Which is more similar in semantic meaning to apple?,carrot
apple|cart|caterpillar,Answer using only one word - cart or caterpillar and not apple. Which is more similar in semantic meaning to apple?,caterpillar
apple|cart|clarinet,Answer using only one word - cart or clarinet and not apple. Which is more similar in semantic meaning to apple?,clarinet
apple|cart|dragonfly,Answer using only one word - cart or dragonfly and not apple. Which is more similar in semantic meaning to apple?,cart
apple|cart|file,Answer using only one word - cart or file and not apple. Which is more similar in semantic meaning to apple?,file
apple|cart|missile,Answer using only one word - cart or missile and not apple. Which is more similar in semantic meaning to apple?,cart
apple|cat|chinchilla,Answer using only one word - cat or chinchilla and not apple. Which is more similar in semantic meaning to apple?,chinchilla
apple|cat|crow,Answer using only one word - cat or crow and not apple. Which is more similar in semantic meaning to apple?,crow
apple|cat|eggbeater,Answer using only one word - cat or eggbeater and not apple. Which is more similar in semantic meaning to apple?,eggbeater
apple|cat|grenade,Answer using only one word - cat or grenade and not apple. Which is more similar in semantic meaning to apple?,cat
apple|caterpillar|chili,Answer using only one word - caterpillar or chili and not apple. Which is more similar in semantic meaning to apple?,chili
apple|caterpillar|coconut,Answer using only one word - caterpillar or coconut and not apple. Which is more similar in semantic meaning to apple?,coconut
apple|caterpillar|eagle,Answer using only one word - caterpillar or eagle and not apple. Which is more similar in semantic meaning to apple?,caterpillar
apple|caterpillar|fly,Answer using only one word - caterpillar or fly and not apple. Which is more similar in semantic meaning to apple?,fly
apple|celery|chili,Answer using only one word - celery or chili and not apple. Which is more similar in semantic meaning to apple?,celery
apple|celery|coconut,Answer using only one word - celery or coconut and not apple. Which is more similar in semantic meaning to apple?,coconut
apple|celery|eagle,Answer using only one word - celery or eagle and not apple. Which is more similar in semantic meaning to apple?,celery
apple|celery|fly,Answer using only one word - celery or fly and not apple. Which is more similar in semantic meaning to apple?,celery
apple|chili|chinchilla,Answer using only one word - chili or chinchilla and not apple. Which is more similar in semantic meaning to apple?,chili
apple|chili|crow,Answer using only one word - chili or crow and not apple. Which is more similar in semantic meaning to apple?,chili
apple|chili|eggbeater,Answer using only one word - chili or eggbeater and not apple. Which is more similar in semantic meaning to apple?,chili
apple|chili|grenade,Answer using only one word - chili or grenade and not apple. Which is more similar in semantic meaning to apple?,chili
apple|chinchilla|clarinet,Answer using only one word - chinchilla or clarinet and not apple. Which is more similar in semantic meaning to apple?,Chinchilla
apple|chinchilla|dragonfly,Answer using only one word - chinchilla or dragonfly and not apple. Which is more similar in semantic meaning to apple?,Chinchilla
apple|chinchilla|file,Answer using only one word - chinchilla or file and not apple. Which is more similar in semantic meaning to apple?,file
apple|chinchilla|missile,Answer using only one word - chinchilla or missile and not apple. Which is more similar in semantic meaning to apple?,chinchilla
apple|chisel|crow,Answer using only one word - chisel or crow and not apple. Which is more similar in semantic meaning to apple?,chisel
apple|chisel|eggbeater,Answer using only one word - chisel or eggbeater and not apple. Which is more similar in semantic meaning to apple?,Chisel
apple|chisel|grenade,Answer using only one word - chisel or grenade and not apple. Which is more similar in semantic meaning to apple?,Chisel
apple|clarinet|coconut,Answer using only one word - clarinet or coconut and not apple. Which is more similar in semantic meaning to apple?,coconut
apple|clarinet|eagle,Answer using only one word - clarinet or eagle and not apple. Which is more similar in semantic meaning to apple?,eagle
apple|clarinet|fly,Answer using only one word - clarinet or fly and not apple. Which is more similar in semantic meaning to apple?,fly
apple|coat|coconut,Answer using only one word - coat or coconut and not apple. Which is more similar in semantic meaning to apple?,coconut
apple|coat|eagle,Answer using only one word - coat or eagle and not apple. Which is more similar in semantic meaning to apple?,coat
apple|coat|fly,Answer using only one word - coat or fly and not apple. Which is more similar in semantic meaning to apple?,coat
apple|coconut|crow,Answer using only one word - coconut or crow and not apple. Which is more similar in semantic meaning to apple?,coconut
apple|coconut|eggbeater,Answer using only one word - coconut or eggbeater and not apple. Which is more similar in semantic meaning to apple?,coconut
apple|coconut|grenade,Answer using only one word - coconut or grenade and not apple. Which is more similar in semantic meaning to apple?,coconut
apple|crow|dragonfly,Answer using only one word - crow or dragonfly and not apple. Which is more similar in semantic meaning to apple?,crow
apple|crow|file,Answer using only one word - crow or file and not apple. Which is more similar in semantic meaning to apple?,file
apple|crow|missile,Answer using only one word - crow or missile and not apple. Which is more similar in semantic meaning to apple?,crow
apple|crowbar|eggbeater,Answer using only one word - crowbar or eggbeater and not apple. Which is more similar in semantic meaning to apple?,crowbar
apple|crowbar|grenade,Answer using only one word - crowbar or grenade and not apple. Which is more similar in semantic meaning to apple?,crowbar
apple|dragonfly|eagle,Answer using only one word - dragonfly or eagle and not apple. Which is more similar in semantic meaning to apple?,dragonfly
apple|dragonfly|fly,Answer using only one word - dragonfly or fly and not apple. Which is more similar in semantic meaning to apple?,fly
apple|dress|eagle,Answer using only one word - dress or eagle and not apple. Which is more similar in semantic meaning to apple?,dress
apple|dress|fly,Answer using only one word - dress or fly and not apple. Which is more similar in semantic meaning to apple?,dress
apple|eagle|eggbeater,Answer using only one word - eagle or eggbeater and not apple. Which is more similar in semantic meaning to apple?,Eggbeater
apple|eagle|grenade,Answer using only one word - eagle or grenade and not apple. Which is more similar in semantic meaning to apple?,eagle
apple|eggbeater|file,Answer using only one word - eggbeater or file and not apple. Which is more similar in semantic meaning to apple?,file
apple|eggbeater|missile,Answer using only one word - eggbeater or missile and not apple. Which is more similar in semantic meaning to apple?,eggbeater
apple|fig|grenade,Answer using only one word - fig or grenade and not apple. Which is more similar in semantic meaning to apple?,fig
apple|file|fly,Answer using only one word - file or fly and not apple. Which is more similar in semantic meaning to apple?,file
apple|flute|fly,Answer using only one word - flute or fly and not apple. Which is more similar in semantic meaning to apple?,flute
apple|fly|grenade,Answer using only one word - fly or grenade and not apple. Which is more similar in semantic meaning to apple?,fly
apple|grenade|missile,Answer using only one word - grenade or missile and not apple. Which is more similar in semantic meaning to apple?,Grenade
artichoke|bagel|banana,Answer using only one word - bagel or banana and not artichoke. Which is more similar in semantic meaning to artichoke?,bagel
artichoke|bagel|bed,Answer using only one word - bagel or bed and not artichoke. Which is more similar in semantic meaning to artichoke?,bagel
artichoke|bagel|bird,Answer using only one word - bagel or bird and not artichoke. Which is more similar in semantic meaning to artichoke?,bagel
artichoke|bagel|boar,Answer using only one word - bagel or boar and not artichoke. Which is more similar in semantic meaning to artichoke?,bagel
artichoke|bagel|cactus,Answer using only one word - bagel or cactus and not artichoke. Which is more similar in semantic meaning to artichoke?,bagel
artichoke|bagel|carrot,Answer using only one word - bagel or carrot and not artichoke. Which is more similar in semantic meaning to artichoke?,carrot
artichoke|bagel|chili,Answer using only one word - bagel or chili and not artichoke. Which is more similar in semantic meaning to artichoke?,bagel
artichoke|bagel|coconut,Answer using only one word - bagel or coconut and not artichoke. Which is more similar in semantic meaning to artichoke?,bagel
artichoke|bagel|eagle,Answer using only one word - bagel or eagle and not artichoke. Which is more similar in semantic meaning to artichoke?,bagel
artichoke|bagel|fly,Answer using only one word - bagel or fly and not artichoke. Which is more similar in semantic meaning to artichoke?,bagel
artichoke|banana|banjo,Answer using only one word - banana or banjo and not artichoke. Which is more similar in semantic meaning to artichoke?,banana
artichoke|banana|beet,Answer using only one word - banana or beet and not artichoke. Which is more similar in semantic meaning to artichoke?,beet
artichoke|banana|blender,Answer using only one word - banana or blender and not artichoke. Which is more similar in semantic meaning to artichoke?,banana
artichoke|banana|bread,Answer using only one word - banana or bread and not artichoke. Which is more similar in semantic meaning to artichoke?,banana
artichoke|banana|candle,Answer using only one word - banana or candle and not artichoke. Which is more similar in semantic meaning to artichoke?,banana
artichoke|banana|cart,Answer using only one word - banana or cart and not artichoke. Which is more similar in semantic meaning to artichoke?,banana
artichoke|banana|chinchilla,Answer using only one word - banana or chinchilla and not artichoke. Which is more similar in semantic meaning to artichoke?,banana
artichoke|banana|crow,Answer using only one word - banana or crow and not artichoke. Which is more similar in semantic meaning to artichoke?,banana
artichoke|banana|eggbeater,Answer using only one word - banana or eggbeater and not artichoke. Which is more similar in semantic meaning to artichoke?,banana
artichoke|banana|grenade,Answer using only one word - banana or grenade and not artichoke. Which is more similar in semantic meaning to artichoke?,banana
artichoke|banjo|bat,Answer using only one word - banjo or bat and not artichoke. Which is more similar in semantic meaning to artichoke?,banjo
artichoke|banjo|bell,Answer using only one word - banjo or bell and not artichoke. Which is more similar in semantic meaning to artichoke?,bell
artichoke|banjo|blueberry,Answer using only one word - banjo or blueberry and not artichoke. Which is more similar in semantic meaning to artichoke?,blueberry
artichoke|banjo|bucket,Answer using only one word - banjo or bucket and not artichoke. Which is more similar in semantic meaning to artichoke?,bucket
artichoke|banjo|cannon,Answer using only one word - banjo or cannon and not artichoke. Which is more similar in semantic meaning to artichoke?,banjo
artichoke|banjo|caterpillar,Answer using only one word - banjo or caterpillar and not artichoke. Which is more similar in semantic meaning to artichoke?,caterpillar
artichoke|banjo|clarinet,Answer using only one word - banjo or clarinet and not artichoke. Which is more similar in semantic meaning to artichoke?,banjo
artichoke|banjo|dragonfly,Answer using only one word - banjo or dragonfly and not artichoke. Which is more similar in semantic meaning to artichoke?,banjo
artichoke|banjo|file,Answer using only one word - banjo or file and not artichoke. Which is more similar in semantic meaning to artichoke?,file
artichoke|banjo|missile,Answer using only one word - banjo or missile and not artichoke. Which is more similar in semantic meaning to artichoke?,banjo
artichoke|barrel|beet,Answer using only one word - barrel or beet and not artichoke. Which is more similar in semantic meaning to artichoke?,beet
artichoke|barrel|blender,Answer using only one word - barrel or blender and not artichoke. Which is more similar in semantic meaning to artichoke?,barrel
artichoke|barrel|bread,Answer using only one word - barrel or bread and not artichoke. Which is more similar in semantic meaning to artichoke?,bread
artichoke|barrel|candle,Answer using only one word - barrel or candle and not artichoke. Which is more similar in semantic meaning to artichoke?,barrel
artichoke|barrel|cart,Answer using only one word - barrel or cart and not artichoke. Which is more similar in semantic meaning to artichoke?,barrel
artichoke|barrel|chinchilla,Answer using only one word - barrel or chinchilla and not artichoke. Which is more similar in semantic meaning to artichoke?,barrel
artichoke|barrel|crow,Answer using only one word - barrel or crow and not artichoke. Which is more similar in semantic meaning to artichoke?,barrel
artichoke|barrel|eggbeater,Answer using only one word - barrel or eggbeater and not artichoke. Which is more similar in semantic meaning to artichoke?,barrel
artichoke|barrel|grenade,Answer using only one word - barrel or grenade and not artichoke. Which is more similar in semantic meaning to artichoke?,barrel
artichoke|bat|bed,Answer using only one word - bat or bed and not artichoke. Which is more similar in semantic meaning to artichoke?,bed
artichoke|bat|bird,Answer using only one word - bat or bird and not artichoke. Which is more similar in semantic meaning to artichoke?,bird
artichoke|bat|boar,Answer using only one word - bat or boar and not artichoke. Which is more similar in semantic meaning to artichoke?,boar
artichoke|bat|cactus,Answer using only one word - bat or cactus and not artichoke. Which is more similar in semantic meaning to artichoke?,cactus
artichoke|bat|carrot,Answer using only one word - bat or carrot and not artichoke. Which is more similar in semantic meaning to artichoke?,carrot
artichoke|bat|chili,Answer using only one word - bat or chili and not artichoke. Which is more similar in semantic meaning to artichoke?,chili
artichoke|bat|coconut,Answer using only one word - bat or coconut and not artichoke. Which is more similar in semantic meaning to artichoke?,bat
artichoke|bat|eagle,Answer using only one word - bat or eagle and not artichoke. Which is more similar in semantic meaning to artichoke?,eagle
artichoke|bat|fly,Answer using only one word - bat or fly and not artichoke. Which is more similar in semantic meaning to artichoke?,bat
artichoke|beaver|bed,Answer using only one word - beaver or bed and not artichoke. Which is more similar in semantic meaning to artichoke?,beaver
artichoke|beaver|bird,Answer using only one word - beaver or bird and not artichoke. Which is more similar in semantic meaning to artichoke?,beaver
artichoke|beaver|boar,Answer using only one word - beaver or boar and not artichoke. Which is more similar in semantic meaning to artichoke?,beaver
artichoke|beaver|cactus,Answer using only one word - beaver or cactus and not artichoke. Which is more similar in semantic meaning to artichoke?,cactus
artichoke|beaver|carrot,Answer using only one word - beaver or carrot and not artichoke. Which is more similar in semantic meaning to artichoke?,beaver
artichoke|beaver|chili,Answer using only one word - beaver or chili and not artichoke. Which is more similar in semantic meaning to artichoke?,beaver
artichoke|beaver|coconut,Answer using only one word - beaver or coconut and not artichoke. Which is more similar in semantic meaning to artichoke?,beaver
artichoke|beaver|eagle,Answer using only one word - beaver or eagle and not artichoke. Which is more similar in semantic meaning to artichoke?,beaver
artichoke|beaver|fly,Answer using only one word - beaver or fly and not artichoke. Which is more similar in semantic meaning to artichoke?,beaver
artichoke|bed|beet,Answer using only one word - bed or beet and not artichoke. Which is more similar in semantic meaning to artichoke?,beet
artichoke|bed|blender,Answer using only one word - bed or blender and not artichoke. Which is more similar in semantic meaning to artichoke?,bed
artichoke|bed|bread,Answer using only one word - bed or bread and not artichoke. Which is more similar in semantic meaning to artichoke?,bread
artichoke|bed|candle,Answer using only one word - bed or candle and not artichoke. Which is more similar in semantic meaning to artichoke?,candle
artichoke|bed|cart,Answer using only one word - bed or cart and not artichoke. Which is more similar in semantic meaning to artichoke?,bed
artichoke|bed|chinchilla,Answer using only one word - bed or chinchilla and not artichoke. Which is more similar in semantic meaning to artichoke?,chinchilla
artichoke|bed|crow,Answer using only one word - bed or crow and not artichoke. Which is more similar in semantic meaning to artichoke?,bed
artichoke|bed|eggbeater,Answer using only one word - bed or eggbeater and not artichoke. Which is more similar in semantic meaning to artichoke?,bed
artichoke|bed|grenade,Answer using only one word - bed or grenade and not artichoke. Which is more similar in semantic meaning to artichoke?,bed
artichoke|beet|bell,Answer using only one word - beet or bell and not artichoke. Which is more similar in semantic meaning to artichoke?,beet
artichoke|beet|blueberry,Answer using only one word - beet or blueberry and not artichoke. Which is more similar in semantic meaning to artichoke?,beet
artichoke|beet|bucket,Answer using only one word - beet or bucket and not artichoke. Which is more similar in semantic meaning to artichoke?,beet
artichoke|beet|cannon,Answer using only one word - beet or cannon and not artichoke. Which is more similar in semantic meaning to artichoke?,beet
artichoke|beet|caterpillar,Answer using only one word - beet or caterpillar and not artichoke. Which is more similar in semantic meaning to artichoke?,beet
artichoke|beet|clarinet,Answer using only one word - beet or clarinet and not artichoke. Which is more similar in semantic meaning to artichoke?,beet
artichoke|beet|dragonfly,Answer using only one word - beet or dragonfly and not artichoke. Which is more similar in semantic meaning to artichoke?,beet
artichoke|beet|file,Answer using only one word - beet or file and not artichoke. Which is more similar in semantic meaning to artichoke?,beet
artichoke|beet|missile,Answer using only one word - beet or missile and not artichoke. Which is more similar in semantic meaning to artichoke?,beet
artichoke|beetle|blender,Answer using only one word - beetle or blender and not artichoke. Which is more similar in semantic meaning to artichoke?,beetle
artichoke|beetle|bread,Answer using only one word - beetle or bread and not artichoke. Which is more similar in semantic meaning to artichoke?,beetle
artichoke|beetle|candle,Answer using only one word - beetle or candle and not artichoke. Which is more similar in semantic meaning to artichoke?,beetle
artichoke|beetle|cart,Answer using only one word - beetle or cart and not artichoke. Which is more similar in semantic meaning to artichoke?,beetle
artichoke|beetle|chinchilla,Answer using only one word - beetle or chinchilla and not artichoke. Which is more similar in semantic meaning to artichoke?,beetle
artichoke|beetle|crow,Answer using only one word - beetle or crow and not artichoke. Which is more similar in semantic meaning to artichoke?,beetle
artichoke|beetle|eggbeater,Answer using only one word - beetle or eggbeater and not artichoke. Which is more similar in semantic meaning to artichoke?,beetle
artichoke|beetle|grenade,Answer using only one word - beetle or grenade and not artichoke. Which is more similar in semantic meaning to artichoke?,beetle
artichoke|bell|bird,Answer using only one word - bell or bird and not artichoke. Which is more similar in semantic meaning to artichoke?,bell
artichoke|bell|boar,Answer using only one word - bell or boar and not artichoke. Which is more similar in semantic meaning to artichoke?,bell
artichoke|bell|cactus,Answer using only one word - bell or cactus and not artichoke. Which is more similar in semantic meaning to artichoke?,cactus
artichoke|bell|carrot,Answer using only one word - bell or carrot and not artichoke. Which is more similar in semantic meaning to artichoke?,bell
artichoke|bell|chili,Answer using only one word - bell or chili and not artichoke. Which is more similar in semantic meaning to artichoke?,bell
artichoke|bell|coconut,Answer using only one word - bell or coconut and not artichoke. Which is more similar in semantic meaning to artichoke?,bell
artichoke|bell|eagle,Answer using only one word - bell or eagle and not artichoke. Which is more similar in semantic meaning to artichoke?,bell
artichoke|bell|fly,Answer using only one word - bell or fly and not artichoke. Which is more similar in semantic meaning to artichoke?,bell
artichoke|belt|bird,Answer using only one word - belt or bird and not artichoke. Which is more similar in semantic meaning to artichoke?,bird
artichoke|belt|boar,Answer using only one word - belt or boar and not artichoke. Which is more similar in semantic meaning to artichoke?,belt
artichoke|belt|cactus,Answer using only one word - belt or cactus and not artichoke. Which is more similar in semantic meaning to artichoke?,cactus
artichoke|belt|carrot,Answer using only one word - belt or carrot and not artichoke. Which is more similar in semantic meaning to artichoke?,carrot
artichoke|belt|chili,Answer using only one word - belt or chili and not artichoke. Which is more similar in semantic meaning to artichoke?,chili
artichoke|belt|coconut,Answer using only one word - belt or coconut and not artichoke. Which is more similar in semantic meaning to artichoke?,belt
artichoke|belt|eagle,Answer using only one word - belt or eagle and not artichoke. Which is more similar in semantic meaning to artichoke?,belt
artichoke|belt|fly,Answer using only one word - belt or fly and not artichoke. Which is more similar in semantic meaning to artichoke?,belt
artichoke|bird|blender,Answer using only one word - bird or blender and not artichoke. Which is more similar in semantic meaning to artichoke?,bird
artichoke|bird|bread,Answer using only one word - bird or bread and not artichoke. Which is more similar in semantic meaning to artichoke?,bird
artichoke|bird|candle,Answer using only one word - bird or candle and not artichoke. Which is more similar in semantic meaning to artichoke?,bird
artichoke|bird|cart,Answer using only one word - bird or cart and not artichoke. Which is more similar in semantic meaning to artichoke?,bird
artichoke|bird|chinchilla,Answer using only one word - bird or chinchilla and not artichoke. Which is more similar in semantic meaning to artichoke?,bird
artichoke|bird|crow,Answer using only one word - bird or crow and not artichoke. Which is more similar in semantic meaning to artichoke?,bird
artichoke|bird|eggbeater,Answer using only one word - bird or eggbeater and not artichoke. Which is more similar in semantic meaning to artichoke?,bird
artichoke|bird|grenade,Answer using only one word - bird or grenade and not artichoke. Which is more similar in semantic meaning to artichoke?,bird
artichoke|blender|blueberry,Answer using only one word - blender or blueberry and not artichoke. Which is more similar in semantic meaning to artichoke?,blender
artichoke|blender|bucket,Answer using only one word - blender or bucket and not artichoke. Which is more similar in semantic meaning to artichoke?,bucket
artichoke|blender|cannon,Answer using only one word - blender or cannon and not artichoke. Which is more similar in semantic meaning to artichoke?,blender
artichoke|blender|caterpillar,Answer using only one word - blender or caterpillar and not artichoke. Which is more similar in semantic meaning to artichoke?,caterpillar
artichoke|blender|clarinet,Answer using only one word - blender or clarinet and not artichoke. Which is more similar in semantic meaning to artichoke?,blender
artichoke|blender|dragonfly,Answer using only one word - blender or dragonfly and not artichoke. Which is more similar in semantic meaning to artichoke?,blender
artichoke|blender|file,Answer using only one word - blender or file and not artichoke. Which is more similar in semantic meaning to artichoke?,file
artichoke|blender|missile,Answer using only one word - blender or missile and not artichoke. Which is more similar in semantic meaning to artichoke?,blender
artichoke|blowtorch|bread,Answer using only one word - blowtorch or bread and not artichoke. Which is more similar in semantic meaning to artichoke?,bread
artichoke|blowtorch|candle,Answer using only one word - blowtorch or candle and not artichoke. Which is more similar in semantic meaning to artichoke?,candle
artichoke|blowtorch|cart,Answer using only one word - blowtorch or cart and not artichoke. Which is more similar in semantic meaning to artichoke?,cart
artichoke|blowtorch|chinchilla,Answer using only one word - blowtorch or chinchilla and not artichoke. Which is more similar in semantic meaning to artichoke?,chinchilla
artichoke|blowtorch|crow,Answer using only one word - blowtorch or crow and not artichoke. Which is more similar in semantic meaning to artichoke?,crow
artichoke|blowtorch|eggbeater,Answer using only one word - blowtorch or eggbeater and not artichoke. Which is more similar in semantic meaning to artichoke?,blowtorch
artichoke|blowtorch|grenade,Answer using only one word - blowtorch or grenade and not artichoke. Which is more similar in semantic meaning to artichoke?,blowtorch
artichoke|blueberry|boar,Answer using only one word - blueberry or boar and not artichoke. Which is more similar in semantic meaning to artichoke?,blueberry
artichoke|blueberry|cactus,Answer using only one word - blueberry or cactus and not artichoke. Which is more similar in semantic meaning to artichoke?,blueberry
artichoke|blueberry|carrot,Answer using only one word - blueberry or carrot and not artichoke. Which is more similar in semantic meaning to artichoke?,carrot
artichoke|blueberry|chili,Answer using only one word - blueberry or chili and not artichoke. Which is more similar in semantic meaning to artichoke?,blueberry
artichoke|blueberry|coconut,Answer using only one word - blueberry or coconut and not artichoke. Which is more similar in semantic meaning to artichoke?,blueberry
artichoke|blueberry|eagle,Answer using only one word - blueberry or eagle and not artichoke. Which is more similar in semantic meaning to artichoke?,blueberry
artichoke|blueberry|fly,Answer using only one word - blueberry or fly and not artichoke. Which is more similar in semantic meaning to artichoke?,blueberry
artichoke|boa|boar,Answer using only one word - boa or boar and not artichoke. Which is more similar in semantic meaning to artichoke?,boa
artichoke|boa|cactus,Answer using only one word - boa or cactus and not artichoke. Which is more similar in semantic meaning to artichoke?,cactus
artichoke|boa|carrot,Answer using only one word - boa or carrot and not artichoke. Which is more similar in semantic meaning to artichoke?,carrot
artichoke|boa|chili,Answer using only one word - boa or chili and not artichoke. Which is more similar in semantic meaning to artichoke?,chili
artichoke|boa|coconut,Answer using only one word - boa or coconut and not artichoke. Which is more similar in semantic meaning to artichoke?,coconut
artichoke|boa|eagle,Answer using only one word - boa or eagle and not artichoke. Which is more similar in semantic meaning to artichoke?,boa
artichoke|boa|fly,Answer using only one word - boa or fly and not artichoke. Which is more similar in semantic meaning to artichoke?,boa
artichoke|boar|bread,Answer using only one word - boar or bread and not artichoke. Which is more similar in semantic meaning to artichoke?,bread
artichoke|boar|candle,Answer using only one word - boar or candle and not artichoke. Which is more similar in semantic meaning to artichoke?,boar
artichoke|boar|cart,Answer using only one word - boar or cart and not artichoke. Which is more similar in semantic meaning to artichoke?,boar
artichoke|boar|chinchilla,Answer using only one word - boar or chinchilla and not artichoke. Which is more similar in semantic meaning to artichoke?,chinchilla
artichoke|boar|crow,Answer using only one word - boar or crow and not artichoke. Which is more similar in semantic meaning to artichoke?,crow
artichoke|boar|eggbeater,Answer using only one word - boar or eggbeater and not artichoke. Which is more similar in semantic meaning to artichoke?,boar
artichoke|boar|grenade,Answer using only one word - boar or grenade and not artichoke. Which is more similar in semantic meaning to artichoke?,boar
artichoke|bread|bucket,Answer using only one word - bread or bucket and not artichoke. Which is more similar in semantic meaning to artichoke?,bread
artichoke|bread|cannon,Answer using only one word - bread or cannon and not artichoke. Which is more similar in semantic meaning to artichoke?,bread
artichoke|bread|caterpillar,Answer using only one word - bread or caterpillar and not artichoke. Which is more similar in semantic meaning to artichoke?,bread
artichoke|bread|clarinet,Answer using only one word - bread or clarinet and not artichoke. Which is more similar in semantic meaning to artichoke?,bread
artichoke|bread|dragonfly,Answer using only one word - bread or dragonfly and not artichoke. Which is more similar in semantic meaning to artichoke?,bread
artichoke|bread|file,Answer using only one word - bread or file and not artichoke. Which is more similar in semantic meaning to artichoke?,bread
artichoke|bread|missile,Answer using only one word - bread or missile and not artichoke. Which is more similar in semantic meaning to artichoke?,bread
artichoke|brussels sprouts|candle,Answer using only one word - brussels sprouts or candle and not artichoke. Which is more similar in semantic meaning to artichoke?,brussels sprouts
artichoke|brussels sprouts|cart,Answer using only one word - brussels sprouts or cart and not artichoke. Which is more similar in semantic meaning to artichoke?,brussels
artichoke|brussels sprouts|chinchilla,Answer using only one word - brussels sprouts or chinchilla and not artichoke. Which is more similar in semantic meaning to artichoke?,brussels
artichoke|brussels sprouts|crow,Answer using only one word - brussels sprouts or crow and not artichoke. Which is more similar in semantic meaning to artichoke?,brussels
artichoke|brussels sprouts|eggbeater,Answer using only one word - brussels sprouts or eggbeater and not artichoke. Which is more similar in semantic meaning to artichoke?,brussels
artichoke|brussels sprouts|grenade,Answer using only one word - brussels sprouts or grenade and not artichoke. Which is more similar in semantic meaning to artichoke?,brussels
artichoke|bucket|cactus,Answer using only one word - bucket or cactus and not artichoke. Which is more similar in semantic meaning to artichoke?,cactus
artichoke|bucket|carrot,Answer using only one word - bucket or carrot and not artichoke. Which is more similar in semantic meaning to artichoke?,carrot
artichoke|bucket|chili,Answer using only one word - bucket or chili and not artichoke. Which is more similar in semantic meaning to artichoke?,chili
artichoke|bucket|coconut,Answer using only one word - bucket or coconut and not artichoke. Which is more similar in semantic meaning to artichoke?,bucket
artichoke|bucket|eagle,Answer using only one word - bucket or eagle and not artichoke. Which is more similar in semantic meaning to artichoke?,bucket
artichoke|bucket|fly,Answer using only one word - bucket or fly and not artichoke. Which is more similar in semantic meaning to artichoke?,bucket
artichoke|burrito|cactus,Answer using only one word - burrito or cactus and not artichoke. Which is more similar in semantic meaning to artichoke?,burrito
artichoke|burrito|carrot,Answer using only one word - burrito or carrot and not artichoke. Which is more similar in semantic meaning to artichoke?,carrot
artichoke|burrito|chili,Answer using only one word - burrito or chili and not artichoke. Which is more similar in semantic meaning to artichoke?,chili
artichoke|burrito|coconut,Answer using only one word - burrito or coconut and not artichoke. Which is more similar in semantic meaning to artichoke?,burrito
artichoke|burrito|eagle,Answer using only one word - burrito or eagle and not artichoke. Which is more similar in semantic meaning to artichoke?,burrito
artichoke|burrito|fly,Answer using only one word - burrito or fly and not artichoke. Which is more similar in semantic meaning to artichoke?,burrito
artichoke|cactus|candle,Answer using only one word - cactus or candle and not artichoke. Which is more similar in semantic meaning to artichoke?,cactus
artichoke|cactus|cart,Answer using only one word - cactus or cart and not artichoke. Which is more similar in semantic meaning to artichoke?,cactus
artichoke|cactus|chinchilla,Answer using only one word - cactus or chinchilla and not artichoke. Which is more similar in semantic meaning to artichoke?,cactus
artichoke|cactus|crow,Answer using only one word - cactus or crow and not artichoke. Which is more similar in semantic meaning to artichoke?,cactus
artichoke|cactus|eggbeater,Answer using only one word - cactus or eggbeater and not artichoke. Which is more similar in semantic meaning to artichoke?,cactus
artichoke|cactus|grenade,Answer using only one word - cactus or grenade and not artichoke. Which is more similar in semantic meaning to artichoke?,cactus
artichoke|candle|cannon,Answer using only one word - candle or cannon and not artichoke. Which is more similar in semantic meaning to artichoke?,candle
artichoke|candle|caterpillar,Answer using only one word - candle or caterpillar and not artichoke. Which is more similar in semantic meaning to artichoke?,caterpillar
artichoke|candle|clarinet,Answer using only one word - candle or clarinet and not artichoke. Which is more similar in semantic meaning to artichoke?,candle
artichoke|candle|dragonfly,Answer using only one word - candle or dragonfly and not artichoke. Which is more similar in semantic meaning to artichoke?,candle
artichoke|candle|file,Answer using only one word - candle or file and not artichoke. Which is more similar in semantic meaning to artichoke?,candle
artichoke|candle|missile,Answer using only one word - candle or missile and not artichoke. Which is more similar in semantic meaning to artichoke?,candle
artichoke|candy|cart,Answer using only one word - candy or cart and not artichoke. Which is more similar in semantic meaning to artichoke?,candy
artichoke|candy|chinchilla,Answer using only one word - candy or chinchilla and not artichoke. Which is more similar in semantic meaning to artichoke?,candy
artichoke|candy|crow,Answer using only one word - candy or crow and not artichoke. Which is more similar in semantic meaning to artichoke?,candy
artichoke|candy|eggbeater,Answer using only one word - candy or eggbeater and not artichoke. Which is more similar in semantic meaning to artichoke?,candy
artichoke|candy|grenade,Answer using only one word - candy or grenade and not artichoke. Which is more similar in semantic meaning to artichoke?,candy
artichoke|cannon|carrot,Answer using only one word - cannon or carrot and not artichoke. Which is more similar in semantic meaning to artichoke?,carrot
artichoke|cannon|chili,Answer using only one word - cannon or chili and not artichoke. Which is more similar in semantic meaning to artichoke?,cannon
artichoke|cannon|coconut,Answer using only one word - cannon or coconut and not artichoke. Which is more similar in semantic meaning to artichoke?,coconut
artichoke|cannon|eagle,Answer using only one word - cannon or eagle and not artichoke. Which is more similar in semantic meaning to artichoke?,eagle
artichoke|cannon|fly,Answer using only one word - cannon or fly and not artichoke. Which is more similar in semantic meaning to artichoke?,cannon
artichoke|car|carrot,Answer using only one word - car or carrot and not artichoke. Which is more similar in semantic meaning to artichoke?,carrot
artichoke|car|chili,Answer using only one word - car or chili and not artichoke. Which is more similar in semantic meaning to artichoke?,chili
artichoke|car|coconut,Answer using only one word - car or coconut and not artichoke. Which is more similar in semantic meaning to artichoke?,coconut
artichoke|car|eagle,Answer using only one word - car or eagle and not artichoke. Which is more similar in semantic meaning to artichoke?,car
artichoke|car|fly,Answer using only one word - car or fly and not artichoke. Which is more similar in semantic meaning to artichoke?,car
artichoke|carrot|cart,Answer using only one word - carrot or cart and not artichoke. Which is more similar in semantic meaning to artichoke?,carrot
artichoke|carrot|chinchilla,Answer using only one word - carrot or chinchilla and not artichoke. Which is more similar in semantic meaning to artichoke?,carrot
artichoke|carrot|crow,Answer using only one word - carrot or crow and not artichoke. Which is more similar in semantic meaning to artichoke?,carrot
artichoke|carrot|eggbeater,Answer using only one word - carrot or eggbeater and not artichoke. Which is more similar in semantic meaning to artichoke?,carrot
artichoke|carrot|grenade,Answer using only one word - carrot or grenade and not artichoke. Which is more similar in semantic meaning to artichoke?,carrot
artichoke|cart|caterpillar,Answer using only one word - cart or caterpillar and not artichoke. Which is more similar in semantic meaning to artichoke?,caterpillar
artichoke|cart|clarinet,Answer using only one word - cart or clarinet and not artichoke. Which is more similar in semantic meaning to artichoke?,cart
artichoke|cart|dragonfly,Answer using only one word - cart or dragonfly and not artichoke. Which is more similar in semantic meaning to artichoke?,cart
artichoke|cart|file,Answer using only one word - cart or file and not artichoke. Which is more similar in semantic meaning to artichoke?,file
artichoke|cart|missile,Answer using only one word - cart or missile and not artichoke. Which is more similar in semantic meaning to artichoke?,cart
artichoke|cat|chinchilla,Answer using only one word - cat or chinchilla and not artichoke. Which is more similar in semantic meaning to artichoke?,chinchilla
artichoke|cat|crow,Answer using only one word - cat or crow and not artichoke. Which is more similar in semantic meaning to artichoke?,crow
artichoke|cat|eggbeater,Answer using only one word - cat or eggbeater and not artichoke. Which is more similar in semantic meaning to artichoke?,cat
artichoke|cat|grenade,Answer using only one word - cat or grenade and not artichoke. Which is more similar in semantic meaning to artichoke?,cat
artichoke|caterpillar|chili,Answer using only one word - caterpillar or chili and not artichoke. Which is more similar in semantic meaning to artichoke?,caterpillar
artichoke|caterpillar|coconut,Answer using only one word - caterpillar or coconut and not artichoke. Which is more similar in semantic meaning to artichoke?,caterpillar
artichoke|caterpillar|eagle,Answer using only one word - caterpillar or eagle and not artichoke. Which is more similar in semantic meaning to artichoke?,caterpillar
artichoke|caterpillar|fly,Answer using only one word - caterpillar or fly and not artichoke. Which is more similar in semantic meaning to artichoke?,caterpillar
artichoke|celery|chili,Answer using only one word - celery or chili and not artichoke. Which is more similar in semantic meaning to artichoke?,celery
artichoke|celery|coconut,Answer using only one word - celery or coconut and not artichoke. Which is more similar in semantic meaning to artichoke?,celery
artichoke|celery|eagle,Answer using only one word - celery or eagle and not artichoke. Which is more similar in semantic meaning to artichoke?,celery
artichoke|celery|fly,Answer using only one word - celery or fly and not artichoke. Which is more similar in semantic meaning to artichoke?,celery
artichoke|chili|chinchilla,Answer using only one word - chili or chinchilla and not artichoke. Which is more similar in semantic meaning to artichoke?,chili
artichoke|chili|crow,Answer using only one word - chili or crow and not artichoke. Which is more similar in semantic meaning to artichoke?,chili
artichoke|chili|eggbeater,Answer using only one word - chili or eggbeater and not artichoke. Which is more similar in semantic meaning to artichoke?,chili
artichoke|chili|grenade,Answer using only one word - chili or grenade and not artichoke. Which is more similar in semantic meaning to artichoke?,chili
artichoke|chinchilla|clarinet,Answer using only one word - chinchilla or clarinet and not artichoke. Which is more similar in semantic meaning to artichoke?,chinchilla
artichoke|chinchilla|dragonfly,Answer using only one word - chinchilla or dragonfly and not artichoke. Which is more similar in semantic meaning to artichoke?,chinchilla
artichoke|chinchilla|file,Answer using only one word - chinchilla or file and not artichoke. Which is more similar in semantic meaning to artichoke?,chinchilla
artichoke|chinchilla|missile,Answer using only one word - chinchilla or missile and not artichoke. Which is more similar in semantic meaning to artichoke?,chinchilla
artichoke|chisel|crow,Answer using only one word - chisel or crow and not artichoke. Which is more similar in semantic meaning to artichoke?,chisel
artichoke|chisel|eggbeater,Answer using only one word - chisel or eggbeater and not artichoke. Which is more similar in semantic meaning to artichoke?,Chisel
artichoke|chisel|grenade,Answer using only one word - chisel or grenade and not artichoke. Which is more similar in semantic meaning to artichoke?,chisel
artichoke|clarinet|coconut,Answer using only one word - clarinet or coconut and not artichoke. Which is more similar in semantic meaning to artichoke?,coconut
artichoke|clarinet|eagle,Answer using only one word - clarinet or eagle and not artichoke. Which is more similar in semantic meaning to artichoke?,clarinet
artichoke|clarinet|fly,Answer using only one word - clarinet or fly and not artichoke. Which is more similar in semantic meaning to artichoke?,clarinet
artichoke|coat|coconut,Answer using only one word - coat or coconut and not artichoke. Which is more similar in semantic meaning to artichoke?,coat
artichoke|coat|eagle,Answer using only one word - coat or eagle and not artichoke. Which is more similar in semantic meaning to artichoke?,coat
artichoke|coat|fly,Answer using only one word - coat or fly and not artichoke. Which is more similar in semantic meaning to artichoke?,coat
artichoke|coconut|crow,Answer using only one word - coconut or crow and not artichoke. Which is more similar in semantic meaning to artichoke?,coconut
artichoke|coconut|eggbeater,Answer using only one word - coconut or eggbeater and not artichoke. Which is more similar in semantic meaning to artichoke?,coconut
artichoke|coconut|grenade,Answer using only one word - coconut or grenade and not artichoke. Which is more similar in semantic meaning to artichoke?,coconut
artichoke|crow|dragonfly,Answer using only one word - crow or dragonfly and not artichoke. Which is more similar in semantic meaning to artichoke?,crow
artichoke|crow|file,Answer using only one word - crow or file and not artichoke. Which is more similar in semantic meaning to artichoke?,crow
artichoke|crow|missile,Answer using only one word - crow or missile and not artichoke. Which is more similar in semantic meaning to artichoke?,crow
artichoke|crowbar|eggbeater,Answer using only one word - crowbar or eggbeater and not artichoke. Which is more similar in semantic meaning to artichoke?,crowbar
artichoke|crowbar|grenade,Answer using only one word - crowbar or grenade and not artichoke. Which is more similar in semantic meaning to artichoke?,crowbar
artichoke|dragonfly|eagle,Answer using only one word - dragonfly or eagle and not artichoke. Which is more similar in semantic meaning to artichoke?,dragonfly
artichoke|dragonfly|fly,Answer using only one word - dragonfly or fly and not artichoke. Which is more similar in semantic meaning to artichoke?,dragonfly
artichoke|dress|eagle,Answer using only one word - dress or eagle and not artichoke. Which is more similar in semantic meaning to artichoke?,dress
artichoke|dress|fly,Answer using only one word - dress or fly and not artichoke. Which is more similar in semantic meaning to artichoke?,dress
artichoke|eagle|eggbeater,Answer using only one word - eagle or eggbeater and not artichoke. Which is more similar in semantic meaning to artichoke?,eagle
artichoke|eagle|grenade,Answer using only one word - eagle or grenade and not artichoke. Which is more similar in semantic meaning to artichoke?,eagle
artichoke|eggbeater|file,Answer using only one word - eggbeater or file and not artichoke. Which is more similar in semantic meaning to artichoke?,file
artichoke|eggbeater|missile,Answer using only one word - eggbeater or missile and not artichoke. Which is more similar in semantic meaning to artichoke?,eggbeater
artichoke|fig|grenade,Answer using only one word - fig or grenade and not artichoke. Which is more similar in semantic meaning to artichoke?,fig
artichoke|file|fly,Answer using only one word - file or fly and not artichoke. Which is more similar in semantic meaning to artichoke?,file
artichoke|flute|fly,Answer using only one word - flute or fly and not artichoke. Which is more similar in semantic meaning to artichoke?,flute
artichoke|fly|grenade,Answer using only one word - fly or grenade and not artichoke. Which is more similar in semantic meaning to artichoke?,fly
artichoke|grenade|missile,Answer using only one word - grenade or missile and not artichoke. Which is more similar in semantic meaning to artichoke?,grenade
bagel|banana|banjo,Answer using only one word - banana or banjo and not bagel. Which is more similar in semantic meaning to bagel?,banana
bagel|banana|beet,Answer using only one word - banana or beet and not bagel. Which is more similar in semantic meaning to bagel?,banana
bagel|banana|blender,Answer using only one word - banana or blender and not bagel. Which is more similar in semantic meaning to bagel?,blender
bagel|banana|bread,Answer using only one word - banana or bread and not bagel. Which is more similar in semantic meaning to bagel?,bread
bagel|banana|candle,Answer using only one word - banana or candle and not bagel. Which is more similar in semantic meaning to bagel?,banana
bagel|banana|cart,Answer using only one word - banana or cart and not bagel. Which is more similar in semantic meaning to bagel?,banana
bagel|banana|chinchilla,Answer using only one word - banana or chinchilla and not bagel. Which is more similar in semantic meaning to bagel?,banana
bagel|banana|crow,Answer using only one word - banana or crow and not bagel. Which is more similar in semantic meaning to bagel?,banana
bagel|banana|eggbeater,Answer using only one word - banana or eggbeater and not bagel. Which is more similar in semantic meaning to bagel?,banana
bagel|banana|grenade,Answer using only one word - banana or grenade and not bagel. Which is more similar in semantic meaning to bagel?,banana
bagel|banjo|bat,Answer using only one word - banjo or bat and not bagel. Which is more similar in semantic meaning to bagel?,bat
bagel|banjo|bell,Answer using only one word - banjo or bell and not bagel. Which is more similar in semantic meaning to bagel?,bell
bagel|banjo|blueberry,Answer using only one word - banjo or blueberry and not bagel. Which is more similar in semantic meaning to bagel?,blueberry
bagel|banjo|bucket,Answer using only one word - banjo or bucket and not bagel. Which is more similar in semantic meaning to bagel?,bucket
bagel|banjo|cannon,Answer using only one word - banjo or cannon and not bagel. Which is more similar in semantic meaning to bagel?,banjo
bagel|banjo|caterpillar,Answer using only one word - banjo or caterpillar and not bagel. Which is more similar in semantic meaning to bagel?,caterpillar
bagel|banjo|clarinet,Answer using only one word - banjo or clarinet and not bagel. Which is more similar in semantic meaning to bagel?,clarinet
bagel|banjo|dragonfly,Answer using only one word - banjo or dragonfly and not bagel. Which is more similar in semantic meaning to bagel?,dragonfly
bagel|banjo|file,Answer using only one word - banjo or file and not bagel. Which is more similar in semantic meaning to bagel?,file
bagel|banjo|missile,Answer using only one word - banjo or missile and not bagel. Which is more similar in semantic meaning to bagel?,banjo
bagel|barrel|beet,Answer using only one word - barrel or beet and not bagel. Which is more similar in semantic meaning to bagel?,barrel
bagel|barrel|blender,Answer using only one word - barrel or blender and not bagel. Which is more similar in semantic meaning to bagel?,blender
bagel|barrel|bread,Answer using only one word - barrel or bread and not bagel. Which is more similar in semantic meaning to bagel?,bread
bagel|barrel|candle,Answer using only one word - barrel or candle and not bagel. Which is more similar in semantic meaning to bagel?,candle
bagel|barrel|cart,Answer using only one word - barrel or cart and not bagel. Which is more similar in semantic meaning to bagel?,barrel
bagel|barrel|chinchilla,Answer using only one word - barrel or chinchilla and not bagel. Which is more similar in semantic meaning to bagel?,barrel
bagel|barrel|crow,Answer using only one word - barrel or crow and not bagel. Which is more similar in semantic meaning to bagel?,barrel
bagel|barrel|eggbeater,Answer using only one word - barrel or eggbeater and not bagel. Which is more similar in semantic meaning to bagel?,barrel
bagel|barrel|grenade,Answer using only one word - barrel or grenade and not bagel. Which is more similar in semantic meaning to bagel?,barrel
bagel|bat|bed,Answer using only one word - bat or bed and not bagel. Which is more similar in semantic meaning to bagel?,bat
bagel|bat|bird,Answer using only one word - bat or bird and not bagel. Which is more similar in semantic meaning to bagel?,bird
bagel|bat|boar,Answer using only one word - bat or boar and not bagel. Which is more similar in semantic meaning to bagel?,boar
bagel|bat|cactus,Answer using only one word - bat or cactus and not bagel. Which is more similar in semantic meaning to bagel?,cactus
bagel|bat|carrot,Answer using only one word - bat or carrot and not bagel. Which is more similar in semantic meaning to bagel?,carrot
bagel|bat|chili,Answer using only one word - bat or chili and not bagel. Which is more similar in semantic meaning to bagel?,chili
bagel|bat|coconut,Answer using only one word - bat or coconut and not bagel. Which is more similar in semantic meaning to bagel?,coconut
bagel|bat|eagle,Answer using only one word - bat or eagle and not bagel. Which is more similar in semantic meaning to bagel?,bat
bagel|bat|fly,Answer using only one word - bat or fly and not bagel. Which is more similar in semantic meaning to bagel?,fly
bagel|beaver|bed,Answer using only one word - beaver or bed and not bagel. Which is more similar in semantic meaning to bagel?,beaver
bagel|beaver|bird,Answer using only one word - beaver or bird and not bagel. Which is more similar in semantic meaning to bagel?,beaver
bagel|beaver|boar,Answer using only one word - beaver or boar and not bagel. Which is more similar in semantic meaning to bagel?,beaver
bagel|beaver|cactus,Answer using only one word - beaver or cactus and not bagel. Which is more similar in semantic meaning to bagel?,beaver
bagel|beaver|carrot,Answer using only one word - beaver or carrot and not bagel. Which is more similar in semantic meaning to bagel?,beaver
bagel|beaver|chili,Answer using only one word - beaver or chili and not bagel. Which is more similar in semantic meaning to bagel?,beaver
bagel|beaver|coconut,Answer using only one word - beaver or coconut and not bagel. Which is more similar in semantic meaning to bagel?,beaver
bagel|beaver|eagle,Answer using only one word - beaver or eagle and not bagel. Which is more similar in semantic meaning to bagel?,beaver
bagel|beaver|fly,Answer using only one word - beaver or fly and not bagel. Which is more similar in semantic meaning to bagel?,beaver
bagel|bed|beet,Answer using only one word - bed or beet and not bagel. Which is more similar in semantic meaning to bagel?,bed
bagel|bed|blender,Answer using only one word - bed or blender and not bagel. Which is more similar in semantic meaning to bagel?,bed
bagel|bed|bread,Answer using only one word - bed or bread and not bagel. Which is more similar in semantic meaning to bagel?,bread
bagel|bed|candle,Answer using only one word - bed or candle and not bagel. Which is more similar in semantic meaning to bagel?,candle
bagel|bed|cart,Answer using only one word - bed or cart and not bagel. Which is more similar in semantic meaning to bagel?,cart
bagel|bed|chinchilla,Answer using only one word - bed or chinchilla and not bagel. Which is more similar in semantic meaning to bagel?,chinchilla
bagel|bed|crow,Answer using only one word - bed or crow and not bagel. Which is more similar in semantic meaning to bagel?,crow
bagel|bed|eggbeater,Answer using only one word - bed or eggbeater and not bagel. Which is more similar in semantic meaning to bagel?,bed
bagel|bed|grenade,Answer using only one word - bed or grenade and not bagel. Which is more similar in semantic meaning to bagel?,bed
bagel|beet|bell,Answer using only one word - beet or bell and not bagel. Which is more similar in semantic meaning to bagel?,Beet
bagel|beet|blueberry,Answer using only one word - beet or blueberry and not bagel. Which is more similar in semantic meaning to bagel?,beet
bagel|beet|bucket,Answer using only one word - beet or bucket and not bagel. Which is more similar in semantic meaning to bagel?,bucket
bagel|beet|cannon,Answer using only one word - beet or cannon and not bagel. Which is more similar in semantic meaning to bagel?,beet
bagel|beet|caterpillar,Answer using only one word - beet or caterpillar and not bagel. Which is more similar in semantic meaning to bagel?,beet
bagel|beet|clarinet,Answer using only one word - beet or clarinet and not bagel. Which is more similar in semantic meaning to bagel?,beet
bagel|beet|dragonfly,Answer using only one word - beet or dragonfly and not bagel. Which is more similar in semantic meaning to bagel?,beet
bagel|beet|file,Answer using only one word - beet or file and not bagel. Which is more similar in semantic meaning to bagel?,beet
bagel|beet|missile,Answer using only one word - beet or missile and not bagel. Which is more similar in semantic meaning to bagel?,beet
bagel|beetle|blender,Answer using only one word - beetle or blender and not bagel. Which is more similar in semantic meaning to bagel?,beetle
bagel|beetle|bread,Answer using only one word - beetle or bread and not bagel. Which is more similar in semantic meaning to bagel?,bread
bagel|beetle|candle,Answer using only one word - beetle or candle and not bagel. Which is more similar in semantic meaning to bagel?,candle
bagel|beetle|cart,Answer using only one word - beetle or cart and not bagel. Which is more similar in semantic meaning to bagel?,beetle
bagel|beetle|chinchilla,Answer using only one word - beetle or chinchilla and not bagel. Which is more similar in semantic meaning to bagel?,beetle
bagel|beetle|crow,Answer using only one word - beetle or crow and not bagel. Which is more similar in semantic meaning to bagel?,beetle
bagel|beetle|eggbeater,Answer using only one word - beetle or eggbeater and not bagel. Which is more similar in semantic meaning to bagel?,beetle
bagel|beetle|grenade,Answer using only one word - beetle or grenade and not bagel. Which is more similar in semantic meaning to bagel?,beetle
bagel|bell|bird,Answer using only one word - bell or bird and not bagel. Which is more similar in semantic meaning to bagel?,bird
bagel|bell|boar,Answer using only one word - bell or boar and not bagel. Which is more similar in semantic meaning to bagel?,boar
bagel|bell|cactus,Answer using only one word - bell or cactus and not bagel. Which is more similar in semantic meaning to bagel?,cactus
bagel|bell|carrot,Answer using only one word - bell or carrot and not bagel. Which is more similar in semantic meaning to bagel?,carrot
bagel|bell|chili,Answer using only one word - bell or chili and not bagel. Which is more similar in semantic meaning to bagel?,bell
bagel|bell|coconut,Answer using only one word - bell or coconut and not bagel. Which is more similar in semantic meaning to bagel?,coconut
bagel|bell|eagle,Answer using only one word - bell or eagle and not bagel. Which is more similar in semantic meaning to bagel?,eagle
bagel|bell|fly,Answer using only one word - bell or fly and not bagel. Which is more similar in semantic meaning to bagel?,bell
bagel|belt|bird,Answer using only one word - belt or bird and not bagel. Which is more similar in semantic meaning to bagel?,bird
bagel|belt|boar,Answer using only one word - belt or boar and not bagel. Which is more similar in semantic meaning to bagel?,belt
bagel|belt|cactus,Answer using only one word - belt or cactus and not bagel. Which is more similar in semantic meaning to bagel?,cactus
bagel|belt|carrot,Answer using only one word - belt or carrot and not bagel. Which is more similar in semantic meaning to bagel?,carrot
bagel|belt|chili,Answer using only one word - belt or chili and not bagel. Which is more similar in semantic meaning to bagel?,belt
bagel|belt|coconut,Answer using only one word - belt or coconut and not bagel. Which is more similar in semantic meaning to bagel?,belt
bagel|belt|eagle,Answer using only one word - belt or eagle and not bagel. Which is more similar in semantic meaning to bagel?,belt
bagel|belt|fly,Answer using only one word - belt or fly and not bagel. Which is more similar in semantic meaning to bagel?,belt
bagel|bird|blender,Answer using only one word - bird or blender and not bagel. Which is more similar in semantic meaning to bagel?,bird
bagel|bird|bread,Answer using only one word - bird or bread and not bagel. Which is more similar in semantic meaning to bagel?,bread
bagel|bird|candle,Answer using only one word - bird or candle and not bagel. Which is more similar in semantic meaning to bagel?,bird
bagel|bird|cart,Answer using only one word - bird or cart and not bagel. Which is more similar in semantic meaning to bagel?,bird
bagel|bird|chinchilla,Answer using only one word - bird or chinchilla and not bagel. Which is more similar in semantic meaning to bagel?,bird
bagel|bird|crow,Answer using only one word - bird or crow and not bagel. Which is more similar in semantic meaning to bagel?,bird
bagel|bird|eggbeater,Answer using only one word - bird or eggbeater and not bagel. Which is more similar in semantic meaning to bagel?,bird
bagel|bird|grenade,Answer using only one word - bird or grenade and not bagel. Which is more similar in semantic meaning to bagel?,bird
bagel|blender|blueberry,Answer using only one word - blender or blueberry and not bagel. Which is more similar in semantic meaning to bagel?,blender
bagel|blender|bucket,Answer using only one word - blender or bucket and not bagel. Which is more similar in semantic meaning to bagel?,bucket
bagel|blender|cannon,Answer using only one word - blender or cannon and not bagel. Which is more similar in semantic meaning to bagel?,blender
bagel|blender|caterpillar,Answer using only one word - blender or caterpillar and not bagel. Which is more similar in semantic meaning to bagel?,caterpillar
bagel|blender|clarinet,Answer using only one word - blender or clarinet and not bagel. Which is more similar in semantic meaning to bagel?,blender
bagel|blender|dragonfly,Answer using only one word - blender or dragonfly and not bagel. Which is more similar in semantic meaning to bagel?,blender
bagel|blender|file,Answer using only one word - blender or file and not bagel. Which is more similar in semantic meaning to bagel?,file
bagel|blender|missile,Answer using only one word - blender or missile and not bagel. Which is more similar in semantic meaning to bagel?,blender
bagel|blowtorch|bread,Answer using only one word - blowtorch or bread and not bagel. Which is more similar in semantic meaning to bagel?,bread
bagel|blowtorch|candle,Answer using only one word - blowtorch or candle and not bagel. Which is more similar in semantic meaning to bagel?,candle
bagel|blowtorch|cart,Answer using only one word - blowtorch or cart and not bagel. Which is more similar in semantic meaning to bagel?,cart
bagel|blowtorch|chinchilla,Answer using only one word - blowtorch or chinchilla and not bagel. Which is more similar in semantic meaning to bagel?,chinchilla
bagel|blowtorch|crow,Answer using only one word - blowtorch or crow and not bagel. Which is more similar in semantic meaning to bagel?,crow
bagel|blowtorch|eggbeater,Answer using only one word - blowtorch or eggbeater and not bagel. Which is more similar in semantic meaning to bagel?,blowtorch
bagel|blowtorch|grenade,Answer using only one word - blowtorch or grenade and not bagel. Which is more similar in semantic meaning to bagel?,blowtorch
bagel|blueberry|boar,Answer using only one word - blueberry or boar and not bagel. Which is more similar in semantic meaning to bagel?,boar
bagel|blueberry|cactus,Answer using only one word - blueberry or cactus and not bagel. Which is more similar in semantic meaning to bagel?,blueberry
bagel|blueberry|carrot,Answer using only one word - blueberry or carrot and not bagel. Which is more similar in semantic meaning to bagel?,carrot
bagel|blueberry|chili,Answer using only one word - blueberry or chili and not bagel. Which is more similar in semantic meaning to bagel?,blueberry
bagel|blueberry|coconut,Answer using only one word - blueberry or coconut and not bagel. Which is more similar in semantic meaning to bagel?,blueberry
bagel|blueberry|eagle,Answer using only one word - blueberry or eagle and not bagel. Which is more similar in semantic meaning to bagel?,blueberry
bagel|blueberry|fly,Answer using only one word - blueberry or fly and not bagel. Which is more similar in semantic meaning to bagel?,blueberry
bagel|boa|boar,Answer using only one word - boa or boar and not bagel. Which is more similar in semantic meaning to bagel?,Boa
bagel|boa|cactus,Answer using only one word - boa or cactus and not bagel. Which is more similar in semantic meaning to bagel?,cactus
bagel|boa|carrot,Answer using only one word - boa or carrot and not bagel. Which is more similar in semantic meaning to bagel?,carrot
bagel|boa|chili,Answer using only one word - boa or chili and not bagel. Which is more similar in semantic meaning to bagel?,boa
bagel|boa|coconut,Answer using only one word - boa or coconut and not bagel. Which is more similar in semantic meaning to bagel?,Coconut
bagel|boa|eagle,Answer using only one word - boa or eagle and not bagel. Which is more similar in semantic meaning to bagel?,boa
bagel|boa|fly,Answer using only one word - boa or fly and not bagel. Which is more similar in semantic meaning to bagel?,boa
bagel|boar|bread,Answer using only one word - boar or bread and not bagel. Which is more similar in semantic meaning to bagel?,bread
bagel|boar|candle,Answer using only one word - boar or candle and not bagel. Which is more similar in semantic meaning to bagel?,candle
bagel|boar|cart,Answer using only one word - boar or cart and not bagel. Which is more similar in semantic meaning to bagel?,cart
bagel|boar|chinchilla,Answer using only one word - boar or chinchilla and not bagel. Which is more similar in semantic meaning to bagel?,Chinchilla
bagel|boar|crow,Answer using only one word - boar or crow and not bagel. Which is more similar in semantic meaning to bagel?,crow
bagel|boar|eggbeater,Answer using only one word - boar or eggbeater and not bagel. Which is more similar in semantic meaning to bagel?,boar
bagel|boar|grenade,Answer using only one word - boar or grenade and not bagel. Which is more similar in semantic meaning to bagel?,boar
bagel|bread|bucket,Answer using only one word - bread or bucket and not bagel. Which is more similar in semantic meaning to bagel?,bread
bagel|bread|cannon,Answer using only one word - bread or cannon and not bagel. Which is more similar in semantic meaning to bagel?,bread
bagel|bread|caterpillar,Answer using only one word - bread or caterpillar and not bagel. Which is more similar in semantic meaning to bagel?,bread
bagel|bread|clarinet,Answer using only one word - bread or clarinet and not bagel. Which is more similar in semantic meaning to bagel?,bread
bagel|bread|dragonfly,Answer using only one word - bread or dragonfly and not bagel. Which is more similar in semantic meaning to bagel?,bread
bagel|bread|file,Answer using only one word - bread or file and not bagel. Which is more similar in semantic meaning to bagel?,bread
bagel|bread|missile,Answer using only one word - bread or missile and not bagel. Which is more similar in semantic meaning to bagel?,bread
bagel|brussels sprouts|candle,Answer using only one word - brussels sprouts or candle and not bagel. Which is more similar in semantic meaning to bagel?,candle
bagel|brussels sprouts|cart,Answer using only one word - brussels sprouts or cart and not bagel. Which is more similar in semantic meaning to bagel?,brussels
bagel|brussels sprouts|chinchilla,Answer using only one word - brussels sprouts or chinchilla and not bagel. Which is more similar in semantic meaning to bagel?,brussels
bagel|brussels sprouts|crow,Answer using only one word - brussels sprouts or crow and not bagel. Which is more similar in semantic meaning to bagel?,brussels
bagel|brussels sprouts|eggbeater,Answer using only one word - brussels sprouts or eggbeater and not bagel. Which is more similar in semantic meaning to bagel?,brussels sprouts
bagel|brussels sprouts|grenade,Answer using only one word - brussels sprouts or grenade and not bagel. Which is more similar in semantic meaning to bagel?,brussels sprouts
bagel|bucket|cactus,Answer using only one word - bucket or cactus and not bagel. Which is more similar in semantic meaning to bagel?,bucket
bagel|bucket|carrot,Answer using only one word - bucket or carrot and not bagel. Which is more similar in semantic meaning to bagel?,carrot
bagel|bucket|chili,Answer using only one word - bucket or chili and not bagel. Which is more similar in semantic meaning to bagel?,chili
bagel|bucket|coconut,Answer using only one word - bucket or coconut and not bagel. Which is more similar in semantic meaning to bagel?,coconut
bagel|bucket|eagle,Answer using only one word - bucket or eagle and not bagel. Which is more similar in semantic meaning to bagel?,bucket
bagel|bucket|fly,Answer using only one word - bucket or fly and not bagel. Which is more similar in semantic meaning to bagel?,bucket
bagel|burrito|cactus,Answer using only one word - burrito or cactus and not bagel. Which is more similar in semantic meaning to bagel?,burrito
bagel|burrito|carrot,Answer using only one word - burrito or carrot and not bagel. Which is more similar in semantic meaning to bagel?,burrito
bagel|burrito|chili,Answer using only one word - burrito or chili and not bagel. Which is more similar in semantic meaning to bagel?,chili
bagel|burrito|coconut,Answer using only one word - burrito or coconut and not bagel. Which is more similar in semantic meaning to bagel?,burrito
bagel|burrito|eagle,Answer using only one word - burrito or eagle and not bagel. Which is more similar in semantic meaning to bagel?,burrito
bagel|burrito|fly,Answer using only one word - burrito or fly and not bagel. Which is more similar in semantic meaning to bagel?,burrito
bagel|cactus|candle,Answer using only one word - cactus or candle and not bagel. Which is more similar in semantic meaning to bagel?,cactus
bagel|cactus|cart,Answer using only one word - cactus or cart and not bagel. Which is more similar in semantic meaning to bagel?,cactus
bagel|cactus|chinchilla,Answer using only one word - cactus or chinchilla and not bagel. Which is more similar in semantic meaning to bagel?,cactus
bagel|cactus|crow,Answer using only one word - cactus or crow and not bagel. Which is more similar in semantic meaning to bagel?,cactus
bagel|cactus|eggbeater,Answer using only one word - cactus or eggbeater and not bagel. Which is more similar in semantic meaning to bagel?,cactus
bagel|cactus|grenade,Answer using only one word - cactus or grenade and not bagel. Which is more similar in semantic meaning to bagel?,cactus
bagel|candle|cannon,Answer using only one word - candle or cannon and not bagel. Which is more similar in semantic meaning to bagel?,cannon
bagel|candle|caterpillar,Answer using only one word - candle or caterpillar and not bagel. Which is more similar in semantic meaning to bagel?,caterpillar
bagel|candle|clarinet,Answer using only one word - candle or clarinet and not bagel. Which is more similar in semantic meaning to bagel?,candle
bagel|candle|dragonfly,Answer using only one word - candle or dragonfly and not bagel. Which is more similar in semantic meaning to bagel?,candle
bagel|candle|file,Answer using only one word - candle or file and not bagel. Which is more similar in semantic meaning to bagel?,candle
bagel|candle|missile,Answer using only one word - candle or missile and not bagel. Which is more similar in semantic meaning to bagel?,candle
bagel|candy|cart,Answer using only one word - candy or cart and not bagel. Which is more similar in semantic meaning to bagel?,candy
bagel|candy|chinchilla,Answer using only one word - candy or chinchilla and not bagel. Which is more similar in semantic meaning to bagel?,candy
bagel|candy|crow,Answer using only one word - candy or crow and not bagel. Which is more similar in semantic meaning to bagel?,candy
bagel|candy|eggbeater,Answer using only one word - candy or eggbeater and not bagel. Which is more similar in semantic meaning to bagel?,candy
bagel|candy|grenade,Answer using only one word - candy or grenade and not bagel. Which is more similar in semantic meaning to bagel?,candy
bagel|cannon|carrot,Answer using only one word - cannon or carrot and not bagel. Which is more similar in semantic meaning to bagel?,cannon
bagel|cannon|chili,Answer using only one word - cannon or chili and not bagel. Which is more similar in semantic meaning to bagel?,cannon
bagel|cannon|coconut,Answer using only one word - cannon or coconut and not bagel. Which is more similar in semantic meaning to bagel?,cannon
bagel|cannon|eagle,Answer using only one word - cannon or eagle and not bagel. Which is more similar in semantic meaning to bagel?,eagle
bagel|cannon|fly,Answer using only one word - cannon or fly and not bagel. Which is more similar in semantic meaning to bagel?,cannon
bagel|car|carrot,Answer using only one word - car or carrot and not bagel. Which is more similar in semantic meaning to bagel?,carrot
bagel|car|chili,Answer using only one word - car or chili and not bagel. Which is more similar in semantic meaning to bagel?,chili
bagel|car|coconut,Answer using only one word - car or coconut and not bagel. Which is more similar in semantic meaning to bagel?,car
bagel|car|eagle,Answer using only one word - car or eagle and not bagel. Which is more similar in semantic meaning to bagel?,car
bagel|car|fly,Answer using only one word - car or fly and not bagel. Which is more similar in semantic meaning to bagel?,car
bagel|carrot|cart,Answer using only one word - carrot or cart and not bagel. Which is more similar in semantic meaning to bagel?,carrot
bagel|carrot|chinchilla,Answer using only one word - carrot or chinchilla and not bagel. Which is more similar in semantic meaning to bagel?,carrot
bagel|carrot|crow,Answer using only one word - carrot or crow and not bagel. Which is more similar in semantic meaning to bagel?,carrot
bagel|carrot|eggbeater,Answer using only one word - carrot or eggbeater and not bagel. Which is more similar in semantic meaning to bagel?,carrot
bagel|carrot|grenade,Answer using only one word - carrot or grenade and not bagel. Which is more similar in semantic meaning to bagel?,carrot
bagel|cart|caterpillar,Answer using only one word - cart or caterpillar and not bagel. Which is more similar in semantic meaning to bagel?,caterpillar
bagel|cart|clarinet,Answer using only one word - cart or clarinet and not bagel. Which is more similar in semantic meaning to bagel?,clarinet
bagel|cart|dragonfly,Answer using only one word - cart or dragonfly and not bagel. Which is more similar in semantic meaning to bagel?,cart
bagel|cart|file,Answer using only one word - cart or file and not bagel. Which is more similar in semantic meaning to bagel?,file
bagel|cart|missile,Answer using only one word - cart or missile and not bagel. Which is more similar in semantic meaning to bagel?,cart
bagel|cat|chinchilla,Answer using only one word - cat or chinchilla and not bagel. Which is more similar in semantic meaning to bagel?,chinchilla
bagel|cat|crow,Answer using only one word - cat or crow and not bagel. Which is more similar in semantic meaning to bagel?,crow
bagel|cat|eggbeater,Answer using only one word - cat or eggbeater and not bagel. Which is more similar in semantic meaning to bagel?,cat
bagel|cat|grenade,Answer using only one word - cat or grenade and not bagel. Which is more similar in semantic meaning to bagel?,cat
bagel|caterpillar|chili,Answer using only one word - caterpillar or chili and not bagel. Which is more similar in semantic meaning to bagel?,caterpillar
bagel|caterpillar|coconut,Answer using only one word - caterpillar or coconut and not bagel. Which is more similar in semantic meaning to bagel?,caterpillar
bagel|caterpillar|eagle,Answer using only one word - caterpillar or eagle and not bagel. Which is more similar in semantic meaning to bagel?,caterpillar
bagel|caterpillar|fly,Answer using only one word - caterpillar or fly and not bagel. Which is more similar in semantic meaning to bagel?,caterpillar
bagel|celery|chili,Answer using only one word - celery or chili and not bagel. Which is more similar in semantic meaning to bagel?,celery
bagel|celery|coconut,Answer using only one word - celery or coconut and not bagel. Which is more similar in semantic meaning to bagel?,celery
bagel|celery|eagle,Answer using only one word - celery or eagle and not bagel. Which is more similar in semantic meaning to bagel?,celery
bagel|celery|fly,Answer using only one word - celery or fly and not bagel. Which is more similar in semantic meaning to bagel?,celery
bagel|chili|chinchilla,Answer using only one word - chili or chinchilla and not bagel. Which is more similar in semantic meaning to bagel?,chili
bagel|chili|crow,Answer using only one word - chili or crow and not bagel. Which is more similar in semantic meaning to bagel?,chili
bagel|chili|eggbeater,Answer using only one word - chili or eggbeater and not bagel. Which is more similar in semantic meaning to bagel?,chili
bagel|chili|grenade,Answer using only one word - chili or grenade and not bagel. Which is more similar in semantic meaning to bagel?,chili
bagel|chinchilla|clarinet,Answer using only one word - chinchilla or clarinet and not bagel. Which is more similar in semantic meaning to bagel?,Chinchilla
bagel|chinchilla|dragonfly,Answer using only one word - chinchilla or dragonfly and not bagel. Which is more similar in semantic meaning to bagel?,chinchilla
bagel|chinchilla|file,Answer using only one word - chinchilla or file and not bagel. Which is more similar in semantic meaning to bagel?,file
bagel|chinchilla|missile,Answer using only one word - chinchilla or missile and not bagel. Which is more similar in semantic meaning to bagel?,chinchilla
bagel|chisel|crow,Answer using only one word - chisel or crow and not bagel. Which is more similar in semantic meaning to bagel?,chisel
bagel|chisel|eggbeater,Answer using only one word - chisel or eggbeater and not bagel. Which is more similar in semantic meaning to bagel?,Chisel
bagel|chisel|grenade,Answer using only one word - chisel or grenade and not bagel. Which is more similar in semantic meaning to bagel?,Chisel
bagel|clarinet|coconut,Answer using only one word - clarinet or coconut and not bagel. Which is more similar in semantic meaning to bagel?,coconut
bagel|clarinet|eagle,Answer using only one word - clarinet or eagle and not bagel. Which is more similar in semantic meaning to bagel?,clarinet
bagel|clarinet|fly,Answer using only one word - clarinet or fly and not bagel. Which is more similar in semantic meaning to bagel?,fly
bagel|coat|coconut,Answer using only one word - coat or coconut and not bagel. Which is more similar in semantic meaning to bagel?,Coat
bagel|coat|eagle,Answer using only one word - coat or eagle and not bagel. Which is more similar in semantic meaning to bagel?,coat
bagel|coat|fly,Answer using only one word - coat or fly and not bagel. Which is more similar in semantic meaning to bagel?,coat
bagel|coconut|crow,Answer using only one word - coconut or crow and not bagel. Which is more similar in semantic meaning to bagel?,coconut
bagel|coconut|eggbeater,Answer using only one word - coconut or eggbeater and not bagel. Which is more similar in semantic meaning to bagel?,Coconut
bagel|coconut|grenade,Answer using only one word - coconut or grenade and not bagel. Which is more similar in semantic meaning to bagel?,coconut
bagel|crow|dragonfly,Answer using only one word - crow or dragonfly and not bagel. Which is more similar in semantic meaning to bagel?,crow
bagel|crow|file,Answer using only one word - crow or file and not bagel. Which is more similar in semantic meaning to bagel?,crow
bagel|crow|missile,Answer using only one word - crow or missile and not bagel. Which is more similar in semantic meaning to bagel?,crow
bagel|crowbar|eggbeater,Answer using only one word - crowbar or eggbeater and not bagel. Which is more similar in semantic meaning to bagel?,crowbar
bagel|crowbar|grenade,Answer using only one word - crowbar or grenade and not bagel. Which is more similar in semantic meaning to bagel?,crowbar
bagel|dragonfly|eagle,Answer using only one word - dragonfly or eagle and not bagel. Which is more similar in semantic meaning to bagel?,dragonfly
bagel|dragonfly|fly,Answer using only one word - dragonfly or fly and not bagel. Which is more similar in semantic meaning to bagel?,fly
bagel|dress|eagle,Answer using only one word - dress or eagle and not bagel. Which is more similar in semantic meaning to bagel?,dress
bagel|dress|fly,Answer using only one word - dress or fly and not bagel. Which is more similar in semantic meaning to bagel?,dress
bagel|eagle|eggbeater,Answer using only one word - eagle or eggbeater and not bagel. Which is more similar in semantic meaning to bagel?,Eagle
bagel|eagle|grenade,Answer using only one word - eagle or grenade and not bagel. Which is more similar in semantic meaning to bagel?,eagle
bagel|eggbeater|file,Answer using only one word - eggbeater or file and not bagel. Which is more similar in semantic meaning to bagel?,file
bagel|eggbeater|missile,Answer using only one word - eggbeater or missile and not bagel. Which is more similar in semantic meaning to bagel?,eggbeater
bagel|fig|grenade,Answer using only one word - fig or grenade and not bagel. Which is more similar in semantic meaning to bagel?,fig
bagel|file|fly,Answer using only one word - file or fly and not bagel. Which is more similar in semantic meaning to bagel?,file
bagel|flute|fly,Answer using only one word - flute or fly and not bagel. Which is more similar in semantic meaning to bagel?,flute
bagel|fly|grenade,Answer using only one word - fly or grenade and not bagel. Which is more similar in semantic meaning to bagel?,fly
bagel|grenade|missile,Answer using only one word - grenade or missile and not bagel. Which is more similar in semantic meaning to bagel?,Grenade
banana|banjo|barrel,Answer using only one word - banjo or barrel and not banana. Which is more similar in semantic meaning to banana?,barrel
banana|banjo|beetle,Answer using only one word - banjo or beetle and not banana. Which is more similar in semantic meaning to banana?,beetle
banana|banjo|blowtorch,Answer using only one word - banjo or blowtorch and not banana. Which is more similar in semantic meaning to banana?,banjo
banana|banjo|brussels sprouts,Answer using only one word - banjo or brussels sprouts and not banana. Which is more similar in semantic meaning to banana?,brussels
banana|banjo|candy,Answer using only one word - banjo or candy and not banana. Which is more similar in semantic meaning to banana?,candy
banana|banjo|cat,Answer using only one word - banjo or cat and not banana. Which is more similar in semantic meaning to banana?,cat
banana|banjo|chisel,Answer using only one word - banjo or chisel and not banana. Which is more similar in semantic meaning to banana?,Banjo
banana|banjo|crowbar,Answer using only one word - banjo or crowbar and not banana. Which is more similar in semantic meaning to banana?,banjo
banana|banjo|fig,Answer using only one word - banjo or fig and not banana. Which is more similar in semantic meaning to banana?,fig
banana|banjo|jeans,Answer using only one word - banjo or jeans and not banana. Which is more similar in semantic meaning to banana?,banjo
banana|barrel|bed,Answer using only one word - barrel or bed and not banana. Which is more similar in semantic meaning to banana?,barrel
banana|barrel|bird,Answer using only one word - barrel or bird and not banana. Which is more similar in semantic meaning to banana?,bird
banana|barrel|boar,Answer using only one word - barrel or boar and not banana. Which is more similar in semantic meaning to banana?,barrel
banana|barrel|cactus,Answer using only one word - barrel or cactus and not banana. Which is more similar in semantic meaning to banana?,cactus
banana|barrel|carrot,Answer using only one word - barrel or carrot and not banana. Which is more similar in semantic meaning to banana?,carrot
banana|barrel|chili,Answer using only one word - barrel or chili and not banana. Which is more similar in semantic meaning to banana?,chili
banana|barrel|coconut,Answer using only one word - barrel or coconut and not banana. Which is more similar in semantic meaning to banana?,coconut
banana|barrel|eagle,Answer using only one word - barrel or eagle and not banana. Which is more similar in semantic meaning to banana?,barrel
banana|barrel|fly,Answer using only one word - barrel or fly and not banana. Which is more similar in semantic meaning to banana?,barrel
banana|bat|beaver,Answer using only one word - bat or beaver and not banana. Which is more similar in semantic meaning to banana?,beaver
banana|bat|belt,Answer using only one word - bat or belt and not banana. Which is more similar in semantic meaning to banana?,belt
banana|bat|boa,Answer using only one word - bat or boa and not banana. Which is more similar in semantic meaning to banana?,boa
banana|bat|burrito,Answer using only one word - bat or burrito and not banana. Which is more similar in semantic meaning to banana?,burrito
banana|bat|car,Answer using only one word - bat or car and not banana. Which is more similar in semantic meaning to banana?,bat
banana|bat|celery,Answer using only one word - bat or celery and not banana. Which is more similar in semantic meaning to banana?,celery
banana|bat|coat,Answer using only one word - bat or coat and not banana. Which is more similar in semantic meaning to banana?,coat
banana|bat|dress,Answer using only one word - bat or dress and not banana. Which is more similar in semantic meaning to banana?,dress
banana|bat|flute,Answer using only one word - bat or flute and not banana. Which is more similar in semantic meaning to banana?,flute
banana|bat|motorcycle,Answer using only one word - bat or motorcycle and not banana. Which is more similar in semantic meaning to banana?,bat
banana|beaver|belt,Answer using only one word - beaver or belt and not banana. Which is more similar in semantic meaning to banana?,belt
banana|beaver|boa,Answer using only one word - beaver or boa and not banana. Which is more similar in semantic meaning to banana?,beaver
banana|beaver|burrito,Answer using only one word - beaver or burrito and not banana. Which is more similar in semantic meaning to banana?,burrito
banana|beaver|car,Answer using only one word - beaver or car and not banana. Which is more similar in semantic meaning to banana?,beaver
banana|beaver|celery,Answer using only one word - beaver or celery and not banana. Which is more similar in semantic meaning to banana?,celery
banana|beaver|coat,Answer using only one word - beaver or coat and not banana. Which is more similar in semantic meaning to banana?,coat
banana|beaver|dress,Answer using only one word - beaver or dress and not banana. Which is more similar in semantic meaning to banana?,dress
banana|beaver|flute,Answer using only one word - beaver or flute and not banana. Which is more similar in semantic meaning to banana?,flute
banana|beaver|motorcycle,Answer using only one word - beaver or motorcycle and not banana. Which is more similar in semantic meaning to banana?,beaver
banana|bed|bird,Answer using only one word - bed or bird and not banana. Which is more similar in semantic meaning to banana?,bird
banana|bed|boar,Answer using only one word - bed or boar and not banana. Which is more similar in semantic meaning to banana?,bed
banana|bed|cactus,Answer using only one word - bed or cactus and not banana. Which is more similar in semantic meaning to banana?,cactus
banana|bed|carrot,Answer using only one word - bed or carrot and not banana. Which is more similar in semantic meaning to banana?,carrot
banana|bed|chili,Answer using only one word - bed or chili and not banana. Which is more similar in semantic meaning to banana?,chili
banana|bed|coconut,Answer using only one word - bed or coconut and not banana. Which is more similar in semantic meaning to banana?,coconut
banana|bed|eagle,Answer using only one word - bed or eagle and not banana. Which is more similar in semantic meaning to banana?,bed
banana|bed|fly,Answer using only one word - bed or fly and not banana. Which is more similar in semantic meaning to banana?,fly
banana|beet|beetle,Answer using only one word - beet or beetle and not banana. Which is more similar in semantic meaning to banana?,beetle
banana|beet|blowtorch,Answer using only one word - beet or blowtorch and not banana. Which is more similar in semantic meaning to banana?,beet
banana|beet|brussels sprouts,Answer using only one word - beet or brussels sprouts and not banana. Which is more similar in semantic meaning to banana?,brussels
banana|beet|candy,Answer using only one word - beet or candy and not banana. Which is more similar in semantic meaning to banana?,candy
banana|beet|cat,Answer using only one word - beet or cat and not banana. Which is more similar in semantic meaning to banana?,beet
banana|beet|chisel,Answer using only one word - beet or chisel and not banana. Which is more similar in semantic meaning to banana?,beet
banana|beet|crowbar,Answer using only one word - beet or crowbar and not banana. Which is more similar in semantic meaning to banana?,beet
banana|beet|fig,Answer using only one word - beet or fig and not banana. Which is more similar in semantic meaning to banana?,fig
banana|beet|jeans,Answer using only one word - beet or jeans and not banana. Which is more similar in semantic meaning to banana?,jeans
banana|beetle|bird,Answer using only one word - beetle or bird and not banana. Which is more similar in semantic meaning to banana?,bird
banana|beetle|boar,Answer using only one word - beetle or boar and not banana. Which is more similar in semantic meaning to banana?,beetle
banana|beetle|cactus,Answer using only one word - beetle or cactus and not banana. Which is more similar in semantic meaning to banana?,cactus
banana|beetle|carrot,Answer using only one word - beetle or carrot and not banana. Which is more similar in semantic meaning to banana?,carrot
banana|beetle|chili,Answer using only one word - beetle or chili and not banana. Which is more similar in semantic meaning to banana?,chili
banana|beetle|coconut,Answer using only one word - beetle or coconut and not banana. Which is more similar in semantic meaning to banana?,coconut
banana|beetle|eagle,Answer using only one word - beetle or eagle and not banana. Which is more similar in semantic meaning to banana?,beetle
banana|beetle|fly,Answer using only one word - beetle or fly and not banana. Which is more similar in semantic meaning to banana?,fly
banana|bell|belt,Answer using only one word - bell or belt and not banana. Which is more similar in semantic meaning to banana?,bell
banana|bell|boa,Answer using only one word - bell or boa and not banana. Which is more similar in semantic meaning to banana?,boa
banana|bell|burrito,Answer using only one word - bell or burrito and not banana. Which is more similar in semantic meaning to banana?,burrito
banana|bell|car,Answer using only one word - bell or car and not banana. Which is more similar in semantic meaning to banana?,bell
banana|bell|celery,Answer using only one word - bell or celery and not banana. Which is more similar in semantic meaning to banana?,celery
banana|bell|coat,Answer using only one word - bell or coat and not banana. Which is more similar in semantic meaning to banana?,coat
banana|bell|dress,Answer using only one word - bell or dress and not banana. Which is more similar in semantic meaning to banana?,dress
banana|bell|flute,Answer using only one word - bell or flute and not banana. Which is more similar in semantic meaning to banana?,flute
banana|bell|motorcycle,Answer using only one word - bell or motorcycle and not banana. Which is more similar in semantic meaning to banana?,bell
banana|belt|boa,Answer using only one word - belt or boa and not banana. Which is more similar in semantic meaning to banana?,belt
banana|belt|burrito,Answer using only one word - belt or burrito and not banana. Which is more similar in semantic meaning to banana?,burrito
banana|belt|car,Answer using only one word - belt or car and not banana. Which is more similar in semantic meaning to banana?,belt
banana|belt|celery,Answer using only one word - belt or celery and not banana. Which is more similar in semantic meaning to banana?,celery
banana|belt|coat,Answer using only one word - belt or coat and not banana. Which is more similar in semantic meaning to banana?,coat
banana|belt|dress,Answer using only one word - belt or dress and not banana. Which is more similar in semantic meaning to banana?,belt
banana|belt|flute,Answer using only one word - belt or flute and not banana. Which is more similar in semantic meaning to banana?,belt
banana|belt|motorcycle,Answer using only one word - belt or motorcycle and not banana. Which is more similar in semantic meaning to banana?,belt
banana|bird|boar,Answer using only one word - bird or boar and not banana. Which is more similar in semantic meaning to banana?,bird
banana|bird|cactus,Answer using only one word - bird or cactus and not banana. Which is more similar in semantic meaning to banana?,cactus
banana|bird|carrot,Answer using only one word - bird or carrot and not banana. Which is more similar in semantic meaning to banana?,carrot
banana|bird|chili,Answer using only one word - bird or chili and not banana. Which is more similar in semantic meaning to banana?,chili
banana|bird|coconut,Answer using only one word - bird or coconut and not banana. Which is more similar in semantic meaning to banana?,coconut
banana|bird|eagle,Answer using only one word - bird or eagle and not banana. Which is more similar in semantic meaning to banana?,bird
banana|bird|fly,Answer using only one word - bird or fly and not banana. Which is more similar in semantic meaning to banana?,bird
banana|blender|blowtorch,Answer using only one word - blender or blowtorch and not banana. Which is more similar in semantic meaning to banana?,blender
banana|blender|brussels sprouts,Answer using only one word - blender or brussels sprouts and not banana. Which is more similar in semantic meaning to banana?,brussels
banana|blender|candy,Answer using only one word - blender or candy and not banana. Which is more similar in semantic meaning to banana?,candy
banana|blender|cat,Answer using only one word - blender or cat and not banana. Which is more similar in semantic meaning to banana?,blender
banana|blender|chisel,Answer using only one word - blender or chisel and not banana. Which is more similar in semantic meaning to banana?,blender
banana|blender|crowbar,Answer using only one word - blender or crowbar and not banana. Which is more similar in semantic meaning to banana?,blender
banana|blender|fig,Answer using only one word - blender or fig and not banana. Which is more similar in semantic meaning to banana?,fig
banana|blender|jeans,Answer using only one word - blender or jeans and not banana. Which is more similar in semantic meaning to banana?,blender
banana|blowtorch|boar,Answer using only one word - blowtorch or boar and not banana. Which is more similar in semantic meaning to banana?,boar
banana|blowtorch|cactus,Answer using only one word - blowtorch or cactus and not banana. Which is more similar in semantic meaning to banana?,cactus
banana|blowtorch|carrot,Answer using only one word - blowtorch or carrot and not banana. Which is more similar in semantic meaning to banana?,carrot
banana|blowtorch|chili,Answer using only one word - blowtorch or chili and not banana. Which is more similar in semantic meaning to banana?,chili
banana|blowtorch|coconut,Answer using only one word - blowtorch or coconut and not banana. Which is more similar in semantic meaning to banana?,coconut
banana|blowtorch|eagle,Answer using only one word - blowtorch or eagle and not banana. Which is more similar in semantic meaning to banana?,eagle
banana|blowtorch|fly,Answer using only one word - blowtorch or fly and not banana. Which is more similar in semantic meaning to banana?,fly
banana|blueberry|boa,Answer using only one word - blueberry or boa and not banana. Which is more similar in semantic meaning to banana?,blueberry
banana|blueberry|burrito,Answer using only one word - blueberry or burrito and not banana. Which is more similar in semantic meaning to banana?,blueberry
banana|blueberry|car,Answer using only one word - blueberry or car and not banana. Which is more similar in semantic meaning to banana?,car
banana|blueberry|celery,Answer using only one word - blueberry or celery and not banana. Which is more similar in semantic meaning to banana?,celery
banana|blueberry|coat,Answer using only one word - blueberry or coat and not banana. Which is more similar in semantic meaning to banana?,blueberry
banana|blueberry|dress,Answer using only one word - blueberry or dress and not banana. Which is more similar in semantic meaning to banana?,blueberry
banana|blueberry|flute,Answer using only one word - blueberry or flute and not banana. Which is more similar in semantic meaning to banana?,blueberry
banana|blueberry|motorcycle,Answer using only one word - blueberry or motorcycle and not banana. Which is more similar in semantic meaning to banana?,blueberry
banana|boa|burrito,Answer using only one word - boa or burrito and not banana. Which is more similar in semantic meaning to banana?,burrito
banana|boa|car,Answer using only one word - boa or car and not banana. Which is more similar in semantic meaning to banana?,boa
banana|boa|celery,Answer using only one word - boa or celery and not banana. Which is more similar in semantic meaning to banana?,celery
banana|boa|coat,Answer using only one word - boa or coat and not banana. Which is more similar in semantic meaning to banana?,coat
banana|boa|dress,Answer using only one word - boa or dress and not banana. Which is more similar in semantic meaning to banana?,boa
banana|boa|flute,Answer using only one word - boa or flute and not banana. Which is more similar in semantic meaning to banana?,boa
banana|boa|motorcycle,Answer using only one word - boa or motorcycle and not banana. Which is more similar in semantic meaning to banana?,boa
banana|boar|cactus,Answer using only one word - boar or cactus and not banana. Which is more similar in semantic meaning to banana?,cactus
banana|boar|carrot,Answer using only one word - boar or carrot and not banana. Which is more similar in semantic meaning to banana?,carrot
banana|boar|chili,Answer using only one word - boar or chili and not banana. Which is more similar in semantic meaning to banana?,chili
banana|boar|coconut,Answer using only one word - boar or coconut and not banana. Which is more similar in semantic meaning to banana?,coconut
banana|boar|eagle,Answer using only one word - boar or eagle and not banana. Which is more similar in semantic meaning to banana?,eagle
banana|boar|fly,Answer using only one word - boar or fly and not banana. Which is more similar in semantic meaning to banana?,fly
banana|bread|brussels sprouts,Answer using only one word - bread or brussels sprouts and not banana. Which is more similar in semantic meaning to banana?,brussels
banana|bread|candy,Answer using only one word - bread or candy and not banana. Which is more similar in semantic meaning to banana?,candy
banana|bread|cat,Answer using only one word - bread or cat and not banana. Which is more similar in semantic meaning to banana?,bread
banana|bread|chisel,Answer using only one word - bread or chisel and not banana. Which is more similar in semantic meaning to banana?,bread
banana|bread|crowbar,Answer using only one word - bread or crowbar and not banana. Which is more similar in semantic meaning to banana?,bread
banana|bread|fig,Answer using only one word - bread or fig and not banana. Which is more similar in semantic meaning to banana?,fig
banana|bread|jeans,Answer using only one word - bread or jeans and not banana. Which is more similar in semantic meaning to banana?,bread
banana|brussels sprouts|cactus,Answer using only one word - brussels sprouts or cactus and not banana. Which is more similar in semantic meaning to banana?,Brussels
banana|brussels sprouts|carrot,Answer using only one word - brussels sprouts or carrot and not banana. Which is more similar in semantic meaning to banana?,Carrot
banana|brussels sprouts|chili,Answer using only one word - brussels sprouts or chili and not banana. Which is more similar in semantic meaning to banana?,chili
banana|brussels sprouts|coconut,Answer using only one word - brussels sprouts or coconut and not banana. Which is more similar in semantic meaning to banana?,Coconut
banana|brussels sprouts|eagle,Answer using only one word - brussels sprouts or eagle and not banana. Which is more similar in semantic meaning to banana?,brussels
banana|brussels sprouts|fly,Answer using only one word - brussels sprouts or fly and not banana. Which is more similar in semantic meaning to banana?,Fly
banana|bucket|burrito,Answer using only one word - bucket or burrito and not banana. Which is more similar in semantic meaning to banana?,burrito
banana|bucket|car,Answer using only one word - bucket or car and not banana. Which is more similar in semantic meaning to banana?,bucket
banana|bucket|celery,Answer using only one word - bucket or celery and not banana. Which is more similar in semantic meaning to banana?,celery
banana|bucket|coat,Answer using only one word - bucket or coat and not banana. Which is more similar in semantic meaning to banana?,coat
banana|bucket|dress,Answer using only one word - bucket or dress and not banana. Which is more similar in semantic meaning to banana?,dress
banana|bucket|flute,Answer using only one word - bucket or flute and not banana. Which is more similar in semantic meaning to banana?,bucket
banana|bucket|motorcycle,Answer using only one word - bucket or motorcycle and not banana. Which is more similar in semantic meaning to banana?,bucket
banana|burrito|car,Answer using only one word - burrito or car and not banana. Which is more similar in semantic meaning to banana?,burrito
banana|burrito|celery,Answer using only one word - burrito or celery and not banana. Which is more similar in semantic meaning to banana?,celery
banana|burrito|coat,Answer using only one word - burrito or coat and not banana. Which is more similar in semantic meaning to banana?,burrito
banana|burrito|dress,Answer using only one word - burrito or dress and not banana. Which is more similar in semantic meaning to banana?,burrito
banana|burrito|flute,Answer using only one word - burrito or flute and not banana. Which is more similar in semantic meaning to banana?,burrito
banana|burrito|motorcycle,Answer using only one word - burrito or motorcycle and not banana. Which is more similar in semantic meaning to banana?,burrito
banana|cactus|carrot,Answer using only one word - cactus or carrot and not banana. Which is more similar in semantic meaning to banana?,cactus
banana|cactus|chili,Answer using only one word - cactus or chili and not banana. Which is more similar in semantic meaning to banana?,chili
banana|cactus|coconut,Answer using only one word - cactus or coconut and not banana. Which is more similar in semantic meaning to banana?,coconut
banana|cactus|eagle,Answer using only one word - cactus or eagle and not banana. Which is more similar in semantic meaning to banana?,cactus
banana|cactus|fly,Answer using only one word - cactus or fly and not banana. Which is more similar in semantic meaning to banana?,cactus
banana|candle|candy,Answer using only one word - candle or candy and not banana. Which is more similar in semantic meaning to banana?,candy
banana|candle|cat,Answer using only one word - candle or cat and not banana. Which is more similar in semantic meaning to banana?,candle
banana|candle|chisel,Answer using only one word - candle or chisel and not banana. Which is more similar in semantic meaning to banana?,candle
banana|candle|crowbar,Answer using only one word - candle or crowbar and not banana. Which is more similar in semantic meaning to banana?,candle
banana|candle|fig,Answer using only one word - candle or fig and not banana. Which is more similar in semantic meaning to banana?,fig
banana|candle|jeans,Answer using only one word - candle or jeans and not banana. Which is more similar in semantic meaning to banana?,jeans
banana|candy|carrot,Answer using only one word - candy or carrot and not banana. Which is more similar in semantic meaning to banana?,candy
banana|candy|chili,Answer using only one word - candy or chili and not banana. Which is more similar in semantic meaning to banana?,candy
banana|candy|coconut,Answer using only one word - candy or coconut and not banana. Which is more similar in semantic meaning to banana?,candy
banana|candy|eagle,Answer using only one word - candy or eagle and not banana. Which is more similar in semantic meaning to banana?,candy
banana|candy|fly,Answer using only one word - candy or fly and not banana. Which is more similar in semantic meaning to banana?,fly
banana|cannon|car,Answer using only one word - cannon or car and not banana. Which is more similar in semantic meaning to banana?,car
banana|cannon|celery,Answer using only one word - cannon or celery and not banana. Which is more similar in semantic meaning to banana?,celery
banana|cannon|coat,Answer using only one word - cannon or coat and not banana. Which is more similar in semantic meaning to banana?,coat
banana|cannon|dress,Answer using only one word - cannon or dress and not banana. Which is more similar in semantic meaning to banana?,Dress
banana|cannon|flute,Answer using only one word - cannon or flute and not banana. Which is more similar in semantic meaning to banana?,Flute
banana|cannon|motorcycle,Answer using only one word - cannon or motorcycle and not banana. Which is more similar in semantic meaning to banana?,cannon
banana|car|celery,Answer using only one word - car or celery and not banana. Which is more similar in semantic meaning to banana?,celery
banana|car|coat,Answer using only one word - car or coat and not banana. Which is more similar in semantic meaning to banana?,coat
banana|car|dress,Answer using only one word - car or dress and not banana. Which is more similar in semantic meaning to banana?,dress
banana|car|flute,Answer using only one word - car or flute and not banana. Which is more similar in semantic meaning to banana?,flute
banana|car|motorcycle,Answer using only one word - car or motorcycle and not banana. Which is more similar in semantic meaning to banana?,car
banana|carrot|chili,Answer using only one word - carrot or chili and not banana. Which is more similar in semantic meaning to banana?,carrot
banana|carrot|coconut,Answer using only one word - carrot or coconut and not banana. Which is more similar in semantic meaning to banana?,coconut
banana|carrot|eagle,Answer using only one word - carrot or eagle and not banana. Which is more similar in semantic meaning to banana?,carrot
banana|carrot|fly,Answer using only one word - carrot or fly and not banana. Which is more similar in semantic meaning to banana?,carrot
banana|cart|cat,Answer using only one word - cart or cat and not banana. Which is more similar in semantic meaning to banana?,cat
banana|cart|chisel,Answer using only one word - cart or chisel and not banana. Which is more similar in semantic meaning to banana?,chisel
banana|cart|crowbar,Answer using only one word - cart or crowbar and not banana. Which is more similar in semantic meaning to banana?,crowbar
banana|cart|fig,Answer using only one word - cart or fig and not banana. Which is more similar in semantic meaning to banana?,fig
banana|cart|jeans,Answer using only one word - cart or jeans and not banana. Which is more similar in semantic meaning to banana?,jeans
banana|cat|chili,Answer using only one word - cat or chili and not banana. Which is more similar in semantic meaning to banana?,chili
banana|cat|coconut,Answer using only one word - cat or coconut and not banana. Which is more similar in semantic meaning to banana?,coconut
banana|cat|eagle,Answer using only one word - cat or eagle and not banana. Which is more similar in semantic meaning to banana?,cat
banana|cat|fly,Answer using only one word - cat or fly and not banana. Which is more similar in semantic meaning to banana?,fly
banana|caterpillar|celery,Answer using only one word - caterpillar or celery and not banana. Which is more similar in semantic meaning to banana?,celery
banana|caterpillar|coat,Answer using only one word - caterpillar or coat and not banana. Which is more similar in semantic meaning to banana?,coat
banana|caterpillar|dress,Answer using only one word - caterpillar or dress and not banana. Which is more similar in semantic meaning to banana?,dress
banana|caterpillar|flute,Answer using only one word - caterpillar or flute and not banana. Which is more similar in semantic meaning to banana?,caterpillar
banana|caterpillar|motorcycle,Answer using only one word - caterpillar or motorcycle and not banana. Which is more similar in semantic meaning to banana?,caterpillar
banana|celery|coat,Answer using only one word - celery or coat and not banana. Which is more similar in semantic meaning to banana?,celery
banana|celery|dress,Answer using only one word - celery or dress and not banana. Which is more similar in semantic meaning to banana?,celery
banana|celery|flute,Answer using only one word - celery or flute and not banana. Which is more similar in semantic meaning to banana?,celery
banana|celery|motorcycle,Answer using only one word - celery or motorcycle and not banana. Which is more similar in semantic meaning to banana?,celery
banana|chili|coconut,Answer using only one word - chili or coconut and not banana. Which is more similar in semantic meaning to banana?,coconut
banana|chili|eagle,Answer using only one word - chili or eagle and not banana. Which is more similar in semantic meaning to banana?,chili
banana|chili|fly,Answer using only one word - chili or fly and not banana. Which is more similar in semantic meaning to banana?,chili
banana|chinchilla|chisel,Answer using only one word - chinchilla or chisel and not banana. Which is more similar in semantic meaning to banana?,Chinchilla
banana|chinchilla|crowbar,Answer using only one word - chinchilla or crowbar and not banana. Which is more similar in semantic meaning to banana?,chinchilla
banana|chinchilla|fig,Answer using only one word - chinchilla or fig and not banana. Which is more similar in semantic meaning to banana?,fig
banana|chinchilla|jeans,Answer using only one word - chinchilla or jeans and not banana. Which is more similar in semantic meaning to banana?,jeans
banana|chisel|coconut,Answer using only one word - chisel or coconut and not banana. Which is more similar in semantic meaning to banana?,Coconut
banana|chisel|eagle,Answer using only one word - chisel or eagle and not banana. Which is more similar in semantic meaning to banana?,chisel
banana|chisel|fly,Answer using only one word - chisel or fly and not banana. Which is more similar in semantic meaning to banana?,chisel
banana|clarinet|coat,Answer using only one word - clarinet or coat and not banana. Which is more similar in semantic meaning to banana?,coat
banana|clarinet|dress,Answer using only one word - clarinet or dress and not banana. Which is more similar in semantic meaning to banana?,Dress
banana|clarinet|flute,Answer using only one word - clarinet or flute and not banana. Which is more similar in semantic meaning to banana?,Flute
banana|clarinet|motorcycle,Answer using only one word - clarinet or motorcycle and not banana. Which is more similar in semantic meaning to banana?,clarinet
banana|coat|dress,Answer using only one word - coat or dress and not banana. Which is more similar in semantic meaning to banana?,coat
banana|coat|flute,Answer using only one word - coat or flute and not banana. Which is more similar in semantic meaning to banana?,coat
banana|coat|motorcycle,Answer using only one word - coat or motorcycle and not banana. Which is more similar in semantic meaning to banana?,coat
banana|coconut|eagle,Answer using only one word - coconut or eagle and not banana. Which is more similar in semantic meaning to banana?,coconut
banana|coconut|fly,Answer using only one word - coconut or fly and not banana. Which is more similar in semantic meaning to banana?,coconut
banana|crow|crowbar,Answer using only one word - crow or crowbar and not banana. Which is more similar in semantic meaning to banana?,crowbar
banana|crow|fig,Answer using only one word - crow or fig and not banana. Which is more similar in semantic meaning to banana?,fig
banana|crow|jeans,Answer using only one word - crow or jeans and not banana. Which is more similar in semantic meaning to banana?,crow
banana|crowbar|eagle,Answer using only one word - crowbar or eagle and not banana. Which is more similar in semantic meaning to banana?,crowbar
banana|crowbar|fly,Answer using only one word - crowbar or fly and not banana. Which is more similar in semantic meaning to banana?,fly
banana|dragonfly|dress,Answer using only one word - dragonfly or dress and not banana. Which is more similar in semantic meaning to banana?,dress
banana|dragonfly|flute,Answer using only one word - dragonfly or flute and not banana. Which is more similar in semantic meaning to banana?,flute
banana|dragonfly|motorcycle,Answer using only one word - dragonfly or motorcycle and not banana. Which is more similar in semantic meaning to banana?,dragonfly
banana|dress|flute,Answer using only one word - dress or flute and not banana. Which is more similar in semantic meaning to banana?,dress
banana|dress|motorcycle,Answer using only one word - dress or motorcycle and not banana. Which is more similar in semantic meaning to banana?,dress
banana|eagle|fly,Answer using only one word - eagle or fly and not banana. Which is more similar in semantic meaning to banana?,fly
banana|eggbeater|fig,Answer using only one word - eggbeater or fig and not banana. Which is more similar in semantic meaning to banana?,fig
banana|eggbeater|jeans,Answer using only one word - eggbeater or jeans and not banana. Which is more similar in semantic meaning to banana?,eggbeater
banana|fig|fly,Answer using only one word - fig or fly and not banana. Which is more similar in semantic meaning to banana?,fig
banana|file|flute,Answer using only one word - file or flute and not banana. Which is more similar in semantic meaning to banana?,file
banana|file|motorcycle,Answer using only one word - file or motorcycle and not banana. Which is more similar in semantic meaning to banana?,file
banana|flute|motorcycle,Answer using only one word - flute or motorcycle and not banana. Which is more similar in semantic meaning to banana?,flute
banana|grenade|jeans,Answer using only one word - grenade or jeans and not banana. Which is more similar in semantic meaning to banana?,jeans
banana|missile|motorcycle,Answer using only one word - missile or motorcycle and not banana. Which is more similar in semantic meaning to banana?,missile
banjo|barrel|beetle,Answer using only one word - barrel or beetle and not banjo. Which is more similar in semantic meaning to banjo?,barrel
banjo|barrel|blowtorch,Answer using only one word - barrel or blowtorch and not banjo. Which is more similar in semantic meaning to banjo?,barrel
banjo|barrel|brussels sprouts,Answer using only one word - barrel or brussels sprouts and not banjo. Which is more similar in semantic meaning to banjo?,brussels
banjo|barrel|candy,Answer using only one word - barrel or candy and not banjo. Which is more similar in semantic meaning to banjo?,candy
banjo|barrel|cat,Answer using only one word - barrel or cat and not banjo. Which is more similar in semantic meaning to banjo?,barrel
banjo|barrel|chisel,Answer using only one word - barrel or chisel and not banjo. Which is more similar in semantic meaning to banjo?,chisel
banjo|barrel|crowbar,Answer using only one word - barrel or crowbar and not banjo. Which is more similar in semantic meaning to banjo?,barrel
banjo|barrel|fig,Answer using only one word - barrel or fig and not banjo. Which is more similar in semantic meaning to banjo?,fig
banjo|barrel|jeans,Answer using only one word - barrel or jeans and not banjo. Which is more similar in semantic meaning to banjo?,barrel
banjo|bat|beet,Answer using only one word - bat or beet and not banjo. Which is more similar in semantic meaning to banjo?,bat
banjo|bat|blender,Answer using only one word - bat or blender and not banjo. Which is more similar in semantic meaning to banjo?,bat
banjo|bat|bread,Answer using only one word - bat or bread and not banjo. Which is more similar in semantic meaning to banjo?,bread
banjo|bat|candle,Answer using only one word - bat or candle and not banjo. Which is more similar in semantic meaning to banjo?,candle
banjo|bat|cart,Answer using only one word - bat or cart and not banjo. Which is more similar in semantic meaning to banjo?,cart
banjo|bat|chinchilla,Answer using only one word - bat or chinchilla and not banjo. Which is more similar in semantic meaning to banjo?,chinchilla
banjo|bat|crow,Answer using only one word - bat or crow and not banjo. Which is more similar in semantic meaning to banjo?,crow
banjo|bat|eggbeater,Answer using only one word - bat or eggbeater and not banjo. Which is more similar in semantic meaning to banjo?,bat
banjo|bat|grenade,Answer using only one word - bat or grenade and not banjo. Which is more similar in semantic meaning to banjo?,guitar
banjo|beaver|beet,Answer using only one word - beaver or beet and not banjo. Which is more similar in semantic meaning to banjo?,beet
banjo|beaver|blender,Answer using only one word - beaver or blender and not banjo. Which is more similar in semantic meaning to banjo?,beaver
banjo|beaver|bread,Answer using only one word - beaver or bread and not banjo. Which is more similar in semantic meaning to banjo?,beaver
banjo|beaver|candle,Answer using only one word - beaver or candle and not banjo. Which is more similar in semantic meaning to banjo?,candle
banjo|beaver|cart,Answer using only one word - beaver or cart and not banjo. Which is more similar in semantic meaning to banjo?,beaver
banjo|beaver|chinchilla,Answer using only one word - beaver or chinchilla and not banjo. Which is more similar in semantic meaning to banjo?,chinchilla
banjo|beaver|crow,Answer using only one word - beaver or crow and not banjo. Which is more similar in semantic meaning to banjo?,beaver
banjo|beaver|eggbeater,Answer using only one word - beaver or eggbeater and not banjo. Which is more similar in semantic meaning to banjo?,beaver
banjo|beaver|grenade,Answer using only one word - beaver or grenade and not banjo. Which is more similar in semantic meaning to banjo?,beaver
banjo|bed|beetle,Answer using only one word - bed or beetle and not banjo. Which is more similar in semantic meaning to banjo?,beetle
banjo|bed|blowtorch,Answer using only one word - bed or blowtorch and not banjo. Which is more similar in semantic meaning to banjo?,bed
banjo|bed|brussels sprouts,Answer using only one word - bed or brussels sprouts and not banjo. Which is more similar in semantic meaning to banjo?,brussels sprouts
banjo|bed|candy,Answer using only one word - bed or candy and not banjo. Which is more similar in semantic meaning to banjo?,candy
banjo|bed|cat,Answer using only one word - bed or cat and not banjo. Which is more similar in semantic meaning to banjo?,cat
banjo|bed|chisel,Answer using only one word - bed or chisel and not banjo. Which is more similar in semantic meaning to banjo?,chisel
banjo|bed|crowbar,Answer using only one word - bed or crowbar and not banjo. Which is more similar in semantic meaning to banjo?,bed
banjo|bed|fig,Answer using only one word - bed or fig and not banjo. Which is more similar in semantic meaning to banjo?,fig
banjo|bed|jeans,Answer using only one word - bed or jeans and not banjo. Which is more similar in semantic meaning to banjo?,jeans
banjo|beet|belt,Answer using only one word - beet or belt and not banjo. Which is more similar in semantic meaning to banjo?,belt
banjo|beet|boa,Answer using only one word - beet or boa and not banjo. Which is more similar in semantic meaning to banjo?,boa
banjo|beet|burrito,Answer using only one word - beet or burrito and not banjo. Which is more similar in semantic meaning to banjo?,burrito
banjo|beet|car,Answer using only one word - beet or car and not banjo. Which is more similar in semantic meaning to banjo?,car
banjo|beet|celery,Answer using only one word - beet or celery and not banjo. Which is more similar in semantic meaning to banjo?,celery
banjo|beet|coat,Answer using only one word - beet or coat and not banjo. Which is more similar in semantic meaning to banjo?,coat
banjo|beet|dress,Answer using only one word - beet or dress and not banjo. Which is more similar in semantic meaning to banjo?,dress
banjo|beet|flute,Answer using only one word - beet or flute and not banjo. Which is more similar in semantic meaning to banjo?,flute
banjo|beet|motorcycle,Answer using only one word - beet or motorcycle and not banjo. Which is more similar in semantic meaning to banjo?,beet
banjo|beetle|blowtorch,Answer using only one word - beetle or blowtorch and not banjo. Which is more similar in semantic meaning to banjo?,beetle
banjo|beetle|brussels sprouts,Answer using only one word - beetle or brussels sprouts and not banjo. Which is more similar in semantic meaning to banjo?,brussels
banjo|beetle|candy,Answer using only one word - beetle or candy and not banjo. Which is more similar in semantic meaning to banjo?,candy
banjo|beetle|cat,Answer using only one word - beetle or cat and not banjo. Which is more similar in semantic meaning to banjo?,cat
banjo|beetle|chisel,Answer using only one word - beetle or chisel and not banjo. Which is more similar in semantic meaning to banjo?,chisel
banjo|beetle|crowbar,Answer using only one word - beetle or crowbar and not banjo. Which is more similar in semantic meaning to banjo?,beetle
banjo|beetle|fig,Answer using only one word - beetle or fig and not banjo. Which is more similar in semantic meaning to banjo?,fig
banjo|beetle|jeans,Answer using only one word - beetle or jeans and not banjo. Which is more similar in semantic meaning to banjo?,jeans
banjo|bell|blender,Answer using only one word - bell or blender and not banjo. Which is more similar in semantic meaning to banjo?,bell
banjo|bell|bread,Answer using only one word - bell or bread and not banjo. Which is more similar in semantic meaning to banjo?,bell
banjo|bell|candle,Answer using only one word - bell or candle and not banjo. Which is more similar in semantic meaning to banjo?,candle
banjo|bell|cart,Answer using only one word - bell or cart and not banjo. Which is more similar in semantic meaning to banjo?,bell
banjo|bell|chinchilla,Answer using only one word - bell or chinchilla and not banjo. Which is more similar in semantic meaning to banjo?,bell
banjo|bell|crow,Answer using only one word - bell or crow and not banjo. Which is more similar in semantic meaning to banjo?,crow
banjo|bell|eggbeater,Answer using only one word - bell or eggbeater and not banjo. Which is more similar in semantic meaning to banjo?,bell
banjo|bell|grenade,Answer using only one word - bell or grenade and not banjo. Which is more similar in semantic meaning to banjo?,bell
banjo|belt|blender,Answer using only one word - belt or blender and not banjo. Which is more similar in semantic meaning to banjo?,belt
banjo|belt|bread,Answer using only one word - belt or bread and not banjo. Which is more similar in semantic meaning to banjo?,belt
banjo|belt|candle,Answer using only one word - belt or candle and not banjo. Which is more similar in semantic meaning to banjo?,candle
banjo|belt|cart,Answer using only one word - belt or cart and not banjo. Which is more similar in semantic meaning to banjo?,belt
banjo|belt|chinchilla,Answer using only one word - belt or chinchilla and not banjo. Which is more similar in semantic meaning to banjo?,belt
banjo|belt|crow,Answer using only one word - belt or crow and not banjo. Which is more similar in semantic meaning to banjo?,belt
banjo|belt|eggbeater,Answer using only one word - belt or eggbeater and not banjo. Which is more similar in semantic meaning to banjo?,belt
banjo|belt|grenade,Answer using only one word - belt or grenade and not banjo. Which is more similar in semantic meaning to banjo?,guitar
banjo|bird|blowtorch,Answer using only one word - bird or blowtorch and not banjo. Which is more similar in semantic meaning to banjo?,bird
banjo|bird|brussels sprouts,Answer using only one word - bird or brussels sprouts and not banjo. Which is more similar in semantic meaning to banjo?,bird
banjo|bird|candy,Answer using only one word - bird or candy and not banjo. Which is more similar in semantic meaning to banjo?,bird
banjo|bird|cat,Answer using only one word - bird or cat and not banjo. Which is more similar in semantic meaning to banjo?,bird
banjo|bird|chisel,Answer using only one word - bird or chisel and not banjo. Which is more similar in semantic meaning to banjo?,bird
banjo|bird|crowbar,Answer using only one word - bird or crowbar and not banjo. Which is more similar in semantic meaning to banjo?,bird
banjo|bird|fig,Answer using only one word - bird or fig and not banjo. Which is more similar in semantic meaning to banjo?,bird
banjo|bird|jeans,Answer using only one word - bird or jeans and not banjo. Which is more similar in semantic meaning to banjo?,bird
banjo|blender|boa,Answer using only one word - blender or boa and not banjo. Which is more similar in semantic meaning to banjo?,blender
banjo|blender|burrito,Answer using only one word - blender or burrito and not banjo. Which is more similar in semantic meaning to banjo?,blender
banjo|blender|car,Answer using only one word - blender or car and not banjo. Which is more similar in semantic meaning to banjo?,blender
banjo|blender|celery,Answer using only one word - blender or celery and not banjo. Which is more similar in semantic meaning to banjo?,blender
banjo|blender|coat,Answer using only one word - blender or coat and not banjo. Which is more similar in semantic meaning to banjo?,blender
banjo|blender|dress,Answer using only one word - blender or dress and not banjo. Which is more similar in semantic meaning to banjo?,blender
banjo|blender|flute,Answer using only one word - blender or flute and not banjo. Which is more similar in semantic meaning to banjo?,flute
banjo|blender|motorcycle,Answer using only one word - blender or motorcycle and not banjo. Which is more similar in semantic meaning to banjo?,blender
banjo|blowtorch|brussels sprouts,Answer using only one word - blowtorch or brussels sprouts and not banjo. Which is more similar in semantic meaning to banjo?,brussels
banjo|blowtorch|candy,Answer using only one word - blowtorch or candy and not banjo. Which is more similar in semantic meaning to banjo?,candy
banjo|blowtorch|cat,Answer using only one word - blowtorch or cat and not banjo. Which is more similar in semantic meaning to banjo?,cat
banjo|blowtorch|chisel,Answer using only one word - blowtorch or chisel and not banjo. Which is more similar in semantic meaning to banjo?,Chisel
banjo|blowtorch|crowbar,Answer using only one word - blowtorch or crowbar and not banjo. Which is more similar in semantic meaning to banjo?,crowbar
banjo|blowtorch|fig,Answer using only one word - blowtorch or fig and not banjo. Which is more similar in semantic meaning to banjo?,fig
banjo|blowtorch|jeans,Answer using only one word - blowtorch or jeans and not banjo. Which is more similar in semantic meaning to banjo?,jeans
banjo|blueberry|bread,Answer using only one word - blueberry or bread and not banjo. Which is more similar in semantic meaning to banjo?,bread
banjo|blueberry|candle,Answer using only one word - blueberry or candle and not banjo. Which is more similar in semantic meaning to banjo?,candle
banjo|blueberry|cart,Answer using only one word - blueberry or cart and not banjo. Which is more similar in semantic meaning to banjo?,cart
banjo|blueberry|chinchilla,Answer using only one word - blueberry or chinchilla and not banjo. Which is more similar in semantic meaning to banjo?,chinchilla
banjo|blueberry|crow,Answer using only one word - blueberry or crow and not banjo. Which is more similar in semantic meaning to banjo?,crow
banjo|blueberry|eggbeater,Answer using only one word - blueberry or eggbeater and not banjo. Which is more similar in semantic meaning to banjo?,eggbeater
banjo|blueberry|grenade,Answer using only one word - blueberry or grenade and not banjo. Which is more similar in semantic meaning to banjo?,blueberry
banjo|boa|bread,Answer using only one word - boa or bread and not banjo. Which is more similar in semantic meaning to banjo?,boa
banjo|boa|candle,Answer using only one word - boa or candle and not banjo. Which is more similar in semantic meaning to banjo?,candle
banjo|boa|cart,Answer using only one word - boa or cart and not banjo. Which is more similar in semantic meaning to banjo?,boa
banjo|boa|chinchilla,Answer using only one word - boa or chinchilla and not banjo. Which is more similar in semantic meaning to banjo?,chinchilla
banjo|boa|crow,Answer using only one word - boa or crow and not banjo. Which is more similar in semantic meaning to banjo?,boa
banjo|boa|eggbeater,Answer using only one word - boa or eggbeater and not banjo. Which is more similar in semantic meaning to banjo?,boa
banjo|boa|grenade,Answer using only one word - boa or grenade and not banjo. Which is more similar in semantic meaning to banjo?,boa
banjo|boar|brussels sprouts,Answer using only one word - boar or brussels sprouts and not banjo. Which is more similar in semantic meaning to banjo?,brussels
banjo|boar|candy,Answer using only one word - boar or candy and not banjo. Which is more similar in semantic meaning to banjo?,candy
banjo|boar|cat,Answer using only one word - boar or cat and not banjo. Which is more similar in semantic meaning to banjo?,cat
banjo|boar|chisel,Answer using only one word - boar or chisel and not banjo. Which is more similar in semantic meaning to banjo?,Chisel
banjo|boar|crowbar,Answer using only one word - boar or crowbar and not banjo. Which is more similar in semantic meaning to banjo?,crowbar
banjo|boar|fig,Answer using only one word - boar or fig and not banjo. Which is more similar in semantic meaning to banjo?,fig
banjo|boar|jeans,Answer using only one word - boar or jeans and not banjo. Which is more similar in semantic meaning to banjo?,boar
banjo|bread|burrito,Answer using only one word - bread or burrito and not banjo. Which is more similar in semantic meaning to banjo?,bread
banjo|bread|car,Answer using only one word - bread or car and not banjo. Which is more similar in semantic meaning to banjo?,bread
banjo|bread|celery,Answer using only one word - bread or celery and not banjo. Which is more similar in semantic meaning to banjo?,celery
banjo|bread|coat,Answer using only one word - bread or coat and not banjo. Which is more similar in semantic meaning to banjo?,bread
banjo|bread|dress,Answer using only one word - bread or dress and not banjo. Which is more similar in semantic meaning to banjo?,bread
banjo|bread|flute,Answer using only one word - bread or flute and not banjo. Which is more similar in semantic meaning to banjo?,flute
banjo|bread|motorcycle,Answer using only one word - bread or motorcycle and not banjo. Which is more similar in semantic meaning to banjo?,bread
banjo|brussels sprouts|candy,Answer using only one word - brussels sprouts or candy and not banjo. Which is more similar in semantic meaning to banjo?,candy
banjo|brussels sprouts|cat,Answer using only one word - brussels sprouts or cat and not banjo. Which is more similar in semantic meaning to banjo?,brussels
banjo|brussels sprouts|chisel,Answer using only one word - brussels sprouts or chisel and not banjo. Which is more similar in semantic meaning to banjo?,Chisel
banjo|brussels sprouts|crowbar,Answer using only one word - brussels sprouts or crowbar and not banjo. Which is more similar in semantic meaning to banjo?,Brussels sprouts
banjo|brussels sprouts|fig,Answer using only one word - brussels sprouts or fig and not banjo. Which is more similar in semantic meaning to banjo?,fig
banjo|brussels sprouts|jeans,Answer using only one word - brussels sprouts or jeans and not banjo. Which is more similar in semantic meaning to banjo?,brussels
banjo|bucket|candle,Answer using only one word - bucket or candle and not banjo. Which is more similar in semantic meaning to banjo?,candle
banjo|bucket|cart,Answer using only one word - bucket or cart and not banjo. Which is more similar in semantic meaning to banjo?,bucket
banjo|bucket|chinchilla,Answer using only one word - bucket or chinchilla and not banjo. Which is more similar in semantic meaning to banjo?,chinchilla
banjo|bucket|crow,Answer using only one word - bucket or crow and not banjo. Which is more similar in semantic meaning to banjo?,crow
banjo|bucket|eggbeater,Answer using only one word - bucket or eggbeater and not banjo. Which is more similar in semantic meaning to banjo?,Eggbeater
banjo|bucket|grenade,Answer using only one word - bucket or grenade and not banjo. Which is more similar in semantic meaning to banjo?,bucket
banjo|burrito|candle,Answer using only one word - burrito or candle and not banjo. Which is more similar in semantic meaning to banjo?,candle
banjo|burrito|cart,Answer using only one word - burrito or cart and not banjo. Which is more similar in semantic meaning to banjo?,cart
banjo|burrito|chinchilla,Answer using only one word - burrito or chinchilla and not banjo. Which is more similar in semantic meaning to banjo?,burrito
banjo|burrito|crow,Answer using only one word - burrito or crow and not banjo. Which is more similar in semantic meaning to banjo?,crow
banjo|burrito|eggbeater,Answer using only one word - burrito or eggbeater and not banjo. Which is more similar in semantic meaning to banjo?,eggbeater
banjo|burrito|grenade,Answer using only one word - burrito or grenade and not banjo. Which is more similar in semantic meaning to banjo?,burrito
banjo|cactus|candy,Answer using only one word - cactus or candy and not banjo. Which is more similar in semantic meaning to banjo?,candy
banjo|cactus|cat,Answer using only one word - cactus or cat and not banjo. Which is more similar in semantic meaning to banjo?,cactus
banjo|cactus|chisel,Answer using only one word - cactus or chisel and not banjo. Which is more similar in semantic meaning to banjo?,cactus
banjo|cactus|crowbar,Answer using only one word - cactus or crowbar and not banjo. Which is more similar in semantic meaning to banjo?,cactus
banjo|cactus|fig,Answer using only one word - cactus or fig and not banjo. Which is more similar in semantic meaning to banjo?,fig
banjo|cactus|jeans,Answer using only one word - cactus or jeans and not banjo. Which is more similar in semantic meaning to banjo?,cactus
banjo|candle|car,Answer using only one word - candle or car and not banjo. Which is more similar in semantic meaning to banjo?,candle
banjo|candle|celery,Answer using only one word - candle or celery and not banjo. Which is more similar in semantic meaning to banjo?,candle
banjo|candle|coat,Answer using only one word - candle or coat and not banjo. Which is more similar in semantic meaning to banjo?,candle
banjo|candle|dress,Answer using only one word - candle or dress and not banjo. Which is more similar in semantic meaning to banjo?,candle
banjo|candle|flute,Answer using only one word - candle or flute and not banjo. Which is more similar in semantic meaning to banjo?,flute
banjo|candle|motorcycle,Answer using only one word - candle or motorcycle and not banjo. Which is more similar in semantic meaning to banjo?,candle
banjo|candy|cat,Answer using only one word - candy or cat and not banjo. Which is more similar in semantic meaning to banjo?,candy
banjo|candy|chisel,Answer using only one word - candy or chisel and not banjo. Which is more similar in semantic meaning to banjo?,candy
banjo|candy|crowbar,Answer using only one word - candy or crowbar and not banjo. Which is more similar in semantic meaning to banjo?,candy
banjo|candy|fig,Answer using only one word - candy or fig and not banjo. Which is more similar in semantic meaning to banjo?,fig
banjo|candy|jeans,Answer using only one word - candy or jeans and not banjo. Which is more similar in semantic meaning to banjo?,candy
banjo|cannon|cart,Answer using only one word - cannon or cart and not banjo. Which is more similar in semantic meaning to banjo?,cannon
banjo|cannon|chinchilla,Answer using only one word - cannon or chinchilla and not banjo. Which is more similar in semantic meaning to banjo?,cannon
banjo|cannon|crow,Answer using only one word - cannon or crow and not banjo. Which is more similar in semantic meaning to banjo?,cannon
banjo|cannon|eggbeater,Answer using only one word - cannon or eggbeater and not banjo. Which is more similar in semantic meaning to banjo?,cannon
banjo|cannon|grenade,Answer using only one word - cannon or grenade and not banjo. Which is more similar in semantic meaning to banjo?,cannon
banjo|car|cart,Answer using only one word - car or cart and not banjo. Which is more similar in semantic meaning to banjo?,cart
banjo|car|chinchilla,Answer using only one word - car or chinchilla and not banjo. Which is more similar in semantic meaning to banjo?,chinchilla
banjo|car|crow,Answer using only one word - car or crow and not banjo. Which is more similar in semantic meaning to banjo?,crow
banjo|car|eggbeater,Answer using only one word - car or eggbeater and not banjo. Which is more similar in semantic meaning to banjo?,eggbeater
banjo|car|grenade,Answer using only one word - car or grenade and not banjo. Which is more similar in semantic meaning to banjo?,guitar
banjo|carrot|cat,Answer using only one word - carrot or cat and not banjo. Which is more similar in semantic meaning to banjo?,carrot
banjo|carrot|chisel,Answer using only one word - carrot or chisel and not banjo. Which is more similar in semantic meaning to banjo?,chisel
banjo|carrot|crowbar,Answer using only one word - carrot or crowbar and not banjo. Which is more similar in semantic meaning to banjo?,carrot
banjo|carrot|fig,Answer using only one word - carrot or fig and not banjo. Which is more similar in semantic meaning to banjo?,fig
banjo|carrot|jeans,Answer using only one word - carrot or jeans and not banjo. Which is more similar in semantic meaning to banjo?,carrot
banjo|cart|celery,Answer using only one word - cart or celery and not banjo. Which is more similar in semantic meaning to banjo?,celery
banjo|cart|coat,Answer using only one word - cart or coat and not banjo. Which is more similar in semantic meaning to banjo?,coat
banjo|cart|dress,Answer using only one word - cart or dress and not banjo. Which is more similar in semantic meaning to banjo?,Dress
banjo|cart|flute,Answer using only one word - cart or flute and not banjo. Which is more similar in semantic meaning to banjo?,Flute
banjo|cart|motorcycle,Answer using only one word - cart or motorcycle and not banjo. Which is more similar in semantic meaning to banjo?,cart
banjo|cat|chisel,Answer using only one word - cat or chisel and not banjo. Which is more similar in semantic meaning to banjo?,chisel
banjo|cat|crowbar,Answer using only one word - cat or crowbar and not banjo. Which is more similar in semantic meaning to banjo?,cat
banjo|cat|fig,Answer using only one word - cat or fig and not banjo. Which is more similar in semantic meaning to banjo?,fig
banjo|cat|jeans,Answer using only one word - cat or jeans and not banjo. Which is more similar in semantic meaning to banjo?,cat
banjo|caterpillar|chinchilla,Answer using only one word - caterpillar or chinchilla and not banjo. Which is more similar in semantic meaning to banjo?,caterpillar
banjo|caterpillar|crow,Answer using only one word - caterpillar or crow and not banjo. Which is more similar in semantic meaning to banjo?,caterpillar
banjo|caterpillar|eggbeater,Answer using only one word - caterpillar or eggbeater and not banjo. Which is more similar in semantic meaning to banjo?,caterpillar
banjo|caterpillar|grenade,Answer using only one word - caterpillar or grenade and not banjo. Which is more similar in semantic meaning to banjo?,caterpillar
banjo|celery|chinchilla,Answer using only one word - celery or chinchilla and not banjo. Which is more similar in semantic meaning to banjo?,Chinchilla
banjo|celery|crow,Answer using only one word - celery or crow and not banjo. Which is more similar in semantic meaning to banjo?,crow
banjo|celery|eggbeater,Answer using only one word - celery or eggbeater and not banjo. Which is more similar in semantic meaning to banjo?,celery
banjo|celery|grenade,Answer using only one word - celery or grenade and not banjo. Which is more similar in semantic meaning to banjo?,celery
banjo|chili|chisel,Answer using only one word - chili or chisel and not banjo. Which is more similar in semantic meaning to banjo?,Chili
banjo|chili|crowbar,Answer using only one word - chili or crowbar and not banjo. Which is more similar in semantic meaning to banjo?,chili
banjo|chili|fig,Answer using only one word - chili or fig and not banjo. Which is more similar in semantic meaning to banjo?,fig
banjo|chili|jeans,Answer using only one word - chili or jeans and not banjo. Which is more similar in semantic meaning to banjo?,jeans
banjo|chinchilla|coat,Answer using only one word - chinchilla or coat and not banjo. Which is more similar in semantic meaning to banjo?,coat
banjo|chinchilla|dress,Answer using only one word - chinchilla or dress and not banjo. Which is more similar in semantic meaning to banjo?,dress
banjo|chinchilla|flute,Answer using only one word - chinchilla or flute and not banjo. Which is more similar in semantic meaning to banjo?,Flute
banjo|chinchilla|motorcycle,Answer using only one word - chinchilla or motorcycle and not banjo. Which is more similar in semantic meaning to banjo?,chinchilla
banjo|chisel|crowbar,Answer using only one word - chisel or crowbar and not banjo. Which is more similar in semantic meaning to banjo?,Chisel
banjo|chisel|fig,Answer using only one word - chisel or fig and not banjo. Which is more similar in semantic meaning to banjo?,Chisel
banjo|chisel|jeans,Answer using only one word - chisel or jeans and not banjo. Which is more similar in semantic meaning to banjo?,Chisel
banjo|clarinet|crow,Answer using only one word - clarinet or crow and not banjo. Which is more similar in semantic meaning to banjo?,clarinet
banjo|clarinet|eggbeater,Answer using only one word - clarinet or eggbeater and not banjo. Which is more similar in semantic meaning to banjo?,clarinet
banjo|clarinet|grenade,Answer using only one word - clarinet or grenade and not banjo. Which is more similar in semantic meaning to banjo?,clarinet
banjo|coat|crow,Answer using only one word - coat or crow and not banjo. Which is more similar in semantic meaning to banjo?,coat
banjo|coat|eggbeater,Answer using only one word - coat or eggbeater and not banjo. Which is more similar in semantic meaning to banjo?,coat
banjo|coat|grenade,Answer using only one word - coat or grenade and not banjo. Which is more similar in semantic meaning to banjo?,coat
banjo|coconut|crowbar,Answer using only one word - coconut or crowbar and not banjo. Which is more similar in semantic meaning to banjo?,coconut
banjo|coconut|fig,Answer using only one word - coconut or fig and not banjo. Which is more similar in semantic meaning to banjo?,fig
banjo|coconut|jeans,Answer using only one word - coconut or jeans and not banjo. Which is more similar in semantic meaning to banjo?,coconut
banjo|crow|dress,Answer using only one word - crow or dress and not banjo. Which is more similar in semantic meaning to banjo?,crow
banjo|crow|flute,Answer using only one word - crow or flute and not banjo. Which is more similar in semantic meaning to banjo?,flute
banjo|crow|motorcycle,Answer using only one word - crow or motorcycle and not banjo. Which is more similar in semantic meaning to banjo?,crow
banjo|crowbar|fig,Answer using only one word - crowbar or fig and not banjo. Which is more similar in semantic meaning to banjo?,crowbar
banjo|crowbar|jeans,Answer using only one word - crowbar or jeans and not banjo. Which is more similar in semantic meaning to banjo?,crowbar
banjo|dragonfly|eggbeater,Answer using only one word - dragonfly or eggbeater and not banjo. Which is more similar in semantic meaning to banjo?,dragonfly
banjo|dragonfly|grenade,Answer using only one word - dragonfly or grenade and not banjo. Which is more similar in semantic meaning to banjo?,dragonfly
banjo|dress|eggbeater,Answer using only one word - dress or eggbeater and not banjo. Which is more similar in semantic meaning to banjo?,dress
banjo|dress|grenade,Answer using only one word - dress or grenade and not banjo. Which is more similar in semantic meaning to banjo?,dress
banjo|eagle|fig,Answer using only one word - eagle or fig and not banjo. Which is more similar in semantic meaning to banjo?,fig
banjo|eagle|jeans,Answer using only one word - eagle or jeans and not banjo. Which is more similar in semantic meaning to banjo?,eagle
banjo|eggbeater|flute,Answer using only one word - eggbeater or flute and not banjo. Which is more similar in semantic meaning to banjo?,flute
banjo|eggbeater|motorcycle,Answer using only one word - eggbeater or motorcycle and not banjo. Which is more similar in semantic meaning to banjo?,Eggbeater
banjo|fig|jeans,Answer using only one word - fig or jeans and not banjo. Which is more similar in semantic meaning to banjo?,fig
banjo|file|grenade,Answer using only one word - file or grenade and not banjo. Which is more similar in semantic meaning to banjo?,file
banjo|flute|grenade,Answer using only one word - flute or grenade and not banjo. Which is more similar in semantic meaning to banjo?,flute
banjo|fly|jeans,Answer using only one word - fly or jeans and not banjo. Which is more similar in semantic meaning to banjo?,fly
banjo|grenade|motorcycle,Answer using only one word - grenade or motorcycle and not banjo. Which is more similar in semantic meaning to banjo?,guitar
barrel|bat|bed,Answer using only one word - bat or bed and not barrel. Which is more similar in semantic meaning to barrel?,bat
barrel|bat|bird,Answer using only one word - bat or bird and not barrel. Which is more similar in semantic meaning to barrel?,bird
barrel|bat|boar,Answer using only one word - bat or boar and not barrel. Which is more similar in semantic meaning to barrel?,boar
barrel|bat|cactus,Answer using only one word - bat or cactus and not barrel. Which is more similar in semantic meaning to barrel?,cactus
barrel|bat|carrot,Answer using only one word - bat or carrot and not barrel. Which is more similar in semantic meaning to barrel?,bat
barrel|bat|chili,Answer using only one word - bat or chili and not barrel. Which is more similar in semantic meaning to barrel?,chili
barrel|bat|coconut,Answer using only one word - bat or coconut and not barrel. Which is more similar in semantic meaning to barrel?,coconut
barrel|bat|eagle,Answer using only one word - bat or eagle and not barrel. Which is more similar in semantic meaning to barrel?,bat
barrel|bat|fly,Answer using only one word - bat or fly and not barrel. Which is more similar in semantic meaning to barrel?,fly
barrel|beaver|bed,Answer using only one word - beaver or bed and not barrel. Which is more similar in semantic meaning to barrel?,beaver
barrel|beaver|bird,Answer using only one word - beaver or bird and not barrel. Which is more similar in semantic meaning to barrel?,beaver
barrel|beaver|boar,Answer using only one word - beaver or boar and not barrel. Which is more similar in semantic meaning to barrel?,beaver
barrel|beaver|cactus,Answer using only one word - beaver or cactus and not barrel. Which is more similar in semantic meaning to barrel?,cactus
barrel|beaver|carrot,Answer using only one word - beaver or carrot and not barrel. Which is more similar in semantic meaning to barrel?,beaver
barrel|beaver|chili,Answer using only one word - beaver or chili and not barrel. Which is more similar in semantic meaning to barrel?,beaver
barrel|beaver|coconut,Answer using only one word - beaver or coconut and not barrel. Which is more similar in semantic meaning to barrel?,coconut
barrel|beaver|eagle,Answer using only one word - beaver or eagle and not barrel. Which is more similar in semantic meaning to barrel?,beaver
barrel|beaver|fly,Answer using only one word - beaver or fly and not barrel. Which is more similar in semantic meaning to barrel?,beaver
barrel|bed|beet,Answer using only one word - bed or beet and not barrel. Which is more similar in semantic meaning to barrel?,beet
barrel|bed|blender,Answer using only one word - bed or blender and not barrel. Which is more similar in semantic meaning to barrel?,blender
barrel|bed|bread,Answer using only one word - bed or bread and not barrel. Which is more similar in semantic meaning to barrel?,bread
barrel|bed|candle,Answer using only one word - bed or candle and not barrel. Which is more similar in semantic meaning to barrel?,candle
barrel|bed|cart,Answer using only one word - bed or cart and not barrel. Which is more similar in semantic meaning to barrel?,cart
barrel|bed|chinchilla,Answer using only one word - bed or chinchilla and not barrel. Which is more similar in semantic meaning to barrel?,chinchilla
barrel|bed|crow,Answer using only one word - bed or crow and not barrel. Which is more similar in semantic meaning to barrel?,crow
barrel|bed|eggbeater,Answer using only one word - bed or eggbeater and not barrel. Which is more similar in semantic meaning to barrel?,eggbeater
barrel|bed|grenade,Answer using only one word - bed or grenade and not barrel. Which is more similar in semantic meaning to barrel?,Grenade
barrel|beet|bell,Answer using only one word - beet or bell and not barrel. Which is more similar in semantic meaning to barrel?,beet
barrel|beet|blueberry,Answer using only one word - beet or blueberry and not barrel. Which is more similar in semantic meaning to barrel?,beet
barrel|beet|bucket,Answer using only one word - beet or bucket and not barrel. Which is more similar in semantic meaning to barrel?,bucket
barrel|beet|cannon,Answer using only one word - beet or cannon and not barrel. Which is more similar in semantic meaning to barrel?,cannon
barrel|beet|caterpillar,Answer using only one word - beet or caterpillar and not barrel. Which is more similar in semantic meaning to barrel?,caterpillar
barrel|beet|clarinet,Answer using only one word - beet or clarinet and not barrel. Which is more similar in semantic meaning to barrel?,beet
barrel|beet|dragonfly,Answer using only one word - beet or dragonfly and not barrel. Which is more similar in semantic meaning to barrel?,beet
barrel|beet|file,Answer using only one word - beet or file and not barrel. Which is more similar in semantic meaning to barrel?,file
barrel|beet|missile,Answer using only one word - beet or missile and not barrel. Which is more similar in semantic meaning to barrel?,beet
barrel|beetle|blender,Answer using only one word - beetle or blender and not barrel. Which is more similar in semantic meaning to barrel?,beetle
barrel|beetle|bread,Answer using only one word - beetle or bread and not barrel. Which is more similar in semantic meaning to barrel?,beetle
barrel|beetle|candle,Answer using only one word - beetle or candle and not barrel. Which is more similar in semantic meaning to barrel?,beetle
barrel|beetle|cart,Answer using only one word - beetle or cart and not barrel. Which is more similar in semantic meaning to barrel?,cart
barrel|beetle|chinchilla,Answer using only one word - beetle or chinchilla and not barrel. Which is more similar in semantic meaning to barrel?,beetle
barrel|beetle|crow,Answer using only one word - beetle or crow and not barrel. Which is more similar in semantic meaning to barrel?,beetle
barrel|beetle|eggbeater,Answer using only one word - beetle or eggbeater and not barrel. Which is more similar in semantic meaning to barrel?,beetle
barrel|beetle|grenade,Answer using only one word - beetle or grenade and not barrel. Which is more similar in semantic meaning to barrel?,grenade
barrel|bell|bird,Answer using only one word - bell or bird and not barrel. Which is more similar in semantic meaning to barrel?,bird
barrel|bell|boar,Answer using only one word - bell or boar and not barrel. Which is more similar in semantic meaning to barrel?,boar
barrel|bell|cactus,Answer using only one word - bell or cactus and not barrel. Which is more similar in semantic meaning to barrel?,cactus
barrel|bell|carrot,Answer using only one word - bell or carrot and not barrel. Which is more similar in semantic meaning to barrel?,carrot
barrel|bell|chili,Answer using only one word - bell or chili and not barrel. Which is more similar in semantic meaning to barrel?,bell
barrel|bell|coconut,Answer using only one word - bell or coconut and not barrel. Which is more similar in semantic meaning to barrel?,coconut
barrel|bell|eagle,Answer using only one word - bell or eagle and not barrel. Which is more similar in semantic meaning to barrel?,bell
barrel|bell|fly,Answer using only one word - bell or fly and not barrel. Which is more similar in semantic meaning to barrel?,bell
barrel|belt|bird,Answer using only one word - belt or bird and not barrel. Which is more similar in semantic meaning to barrel?,belt
barrel|belt|boar,Answer using only one word - belt or boar and not barrel. Which is more similar in semantic meaning to barrel?,belt
barrel|belt|cactus,Answer using only one word - belt or cactus and not barrel. Which is more similar in semantic meaning to barrel?,cactus
barrel|belt|carrot,Answer using only one word - belt or carrot and not barrel. Which is more similar in semantic meaning to barrel?,belt
barrel|belt|chili,Answer using only one word - belt or chili and not barrel. Which is more similar in semantic meaning to barrel?,belt
barrel|belt|coconut,Answer using only one word - belt or coconut and not barrel. Which is more similar in semantic meaning to barrel?,belt
barrel|belt|eagle,Answer using only one word - belt or eagle and not barrel. Which is more similar in semantic meaning to barrel?,belt
barrel|belt|fly,Answer using only one word - belt or fly and not barrel. Which is more similar in semantic meaning to barrel?,belt
barrel|bird|blender,Answer using only one word - bird or blender and not barrel. Which is more similar in semantic meaning to barrel?,bird
barrel|bird|bread,Answer using only one word - bird or bread and not barrel. Which is more similar in semantic meaning to barrel?,bird
barrel|bird|candle,Answer using only one word - bird or candle and not barrel. Which is more similar in semantic meaning to barrel?,bird
barrel|bird|cart,Answer using only one word - bird or cart and not barrel. Which is more similar in semantic meaning to barrel?,bird
barrel|bird|chinchilla,Answer using only one word - bird or chinchilla and not barrel. Which is more similar in semantic meaning to barrel?,bird
barrel|bird|crow,Answer using only one word - bird or crow and not barrel. Which is more similar in semantic meaning to barrel?,bird
barrel|bird|eggbeater,Answer using only one word - bird or eggbeater and not barrel. Which is more similar in semantic meaning to barrel?,bird
barrel|bird|grenade,Answer using only one word - bird or grenade and not barrel. Which is more similar in semantic meaning to barrel?,grenade
barrel|blender|blueberry,Answer using only one word - blender or blueberry and not barrel. Which is more similar in semantic meaning to barrel?,blender
barrel|blender|bucket,Answer using only one word - blender or bucket and not barrel. Which is more similar in semantic meaning to barrel?,bucket
barrel|blender|cannon,Answer using only one word - blender or cannon and not barrel. Which is more similar in semantic meaning to barrel?,blender
barrel|blender|caterpillar,Answer using only one word - blender or caterpillar and not barrel. Which is more similar in semantic meaning to barrel?,caterpillar
barrel|blender|clarinet,Answer using only one word - blender or clarinet and not barrel. Which is more similar in semantic meaning to barrel?,blender
barrel|blender|dragonfly,Answer using only one word - blender or dragonfly and not barrel. Which is more similar in semantic meaning to barrel?,blender
barrel|blender|file,Answer using only one word - blender or file and not barrel. Which is more similar in semantic meaning to barrel?,file
barrel|blender|missile,Answer using only one word - blender or missile and not barrel. Which is more similar in semantic meaning to barrel?,blender
barrel|blowtorch|bread,Answer using only one word - blowtorch or bread and not barrel. Which is more similar in semantic meaning to barrel?,blowtorch
barrel|blowtorch|candle,Answer using only one word - blowtorch or candle and not barrel. Which is more similar in semantic meaning to barrel?,blowtorch
barrel|blowtorch|cart,Answer using only one word - blowtorch or cart and not barrel. Which is more similar in semantic meaning to barrel?,cart
barrel|blowtorch|chinchilla,Answer using only one word - blowtorch or chinchilla and not barrel. Which is more similar in semantic meaning to barrel?,Chinchilla
barrel|blowtorch|crow,Answer using only one word - blowtorch or crow and not barrel. Which is more similar in semantic meaning to barrel?,blowtorch
barrel|blowtorch|eggbeater,Answer using only one word - blowtorch or eggbeater and not barrel. Which is more similar in semantic meaning to barrel?,blowtorch
barrel|blowtorch|grenade,Answer using only one word - blowtorch or grenade and not barrel. Which is more similar in semantic meaning to barrel?,grenade
barrel|blueberry|boar,Answer using only one word - blueberry or boar and not barrel. Which is more similar in semantic meaning to barrel?,boar
barrel|blueberry|cactus,Answer using only one word - blueberry or cactus and not barrel. Which is more similar in semantic meaning to barrel?,cactus
barrel|blueberry|carrot,Answer using only one word - blueberry or carrot and not barrel. Which is more similar in semantic meaning to barrel?,blueberry
barrel|blueberry|chili,Answer using only one word - blueberry or chili and not barrel. Which is more similar in semantic meaning to barrel?,blueberry
barrel|blueberry|coconut,Answer using only one word - blueberry or coconut and not barrel. Which is more similar in semantic meaning to barrel?,coconut
barrel|blueberry|eagle,Answer using only one word - blueberry or eagle and not barrel. Which is more similar in semantic meaning to barrel?,blueberry
barrel|blueberry|fly,Answer using only one word - blueberry or fly and not barrel. Which is more similar in semantic meaning to barrel?,blueberry
barrel|boa|boar,Answer using only one word - boa or boar and not barrel. Which is more similar in semantic meaning to barrel?,boar
barrel|boa|cactus,Answer using only one word - boa or cactus and not barrel. Which is more similar in semantic meaning to barrel?,cactus
barrel|boa|carrot,Answer using only one word - boa or carrot and not barrel. Which is more similar in semantic meaning to barrel?,Carrot
barrel|boa|chili,Answer using only one word - boa or chili and not barrel. Which is more similar in semantic meaning to barrel?,boa
barrel|boa|coconut,Answer using only one word - boa or coconut and not barrel. Which is more similar in semantic meaning to barrel?,coconut
barrel|boa|eagle,Answer using only one word - boa or eagle and not barrel. Which is more similar in semantic meaning to barrel?,boa
barrel|boa|fly,Answer using only one word - boa or fly and not barrel. Which is more similar in semantic meaning to barrel?,boa
barrel|boar|bread,Answer using only one word - boar or bread and not barrel. Which is more similar in semantic meaning to barrel?,boar
barrel|boar|candle,Answer using only one word - boar or candle and not barrel. Which is more similar in semantic meaning to barrel?,candle
barrel|boar|cart,Answer using only one word - boar or cart and not barrel. Which is more similar in semantic meaning to barrel?,cart
barrel|boar|chinchilla,Answer using only one word - boar or chinchilla and not barrel. Which is more similar in semantic meaning to barrel?,Boar
barrel|boar|crow,Answer using only one word - boar or crow and not barrel. Which is more similar in semantic meaning to barrel?,boar
barrel|boar|eggbeater,Answer using only one word - boar or eggbeater and not barrel. Which is more similar in semantic meaning to barrel?,boar
barrel|boar|grenade,Answer using only one word - boar or grenade and not barrel. Which is more similar in semantic meaning to barrel?,boar
barrel|bread|bucket,Answer using only one word - bread or bucket and not barrel. Which is more similar in semantic meaning to barrel?,bucket
barrel|bread|cannon,Answer using only one word - bread or cannon and not barrel. Which is more similar in semantic meaning to barrel?,cannon
barrel|bread|caterpillar,Answer using only one word - bread or caterpillar and not barrel. Which is more similar in semantic meaning to barrel?,caterpillar
barrel|bread|clarinet,Answer using only one word - bread or clarinet and not barrel. Which is more similar in semantic meaning to barrel?,bread
barrel|bread|dragonfly,Answer using only one word - bread or dragonfly and not barrel. Which is more similar in semantic meaning to barrel?,bread
barrel|bread|file,Answer using only one word - bread or file and not barrel. Which is more similar in semantic meaning to barrel?,file
barrel|bread|missile,Answer using only one word - bread or missile and not barrel. Which is more similar in semantic meaning to barrel?,bread
barrel|brussels sprouts|candle,Answer using only one word - brussels sprouts or candle and not barrel. Which is more similar in semantic meaning to barrel?,candle
barrel|brussels sprouts|cart,Answer using only one word - brussels sprouts or cart and not barrel. Which is more similar in semantic meaning to barrel?,barrel
barrel|brussels sprouts|chinchilla,Answer using only one word - brussels sprouts or chinchilla and not barrel. Which is more similar in semantic meaning to barrel?,brussels
barrel|brussels sprouts|crow,Answer using only one word - brussels sprouts or crow and not barrel. Which is more similar in semantic meaning to barrel?,brussels
barrel|brussels sprouts|eggbeater,Answer using only one word - brussels sprouts or eggbeater and not barrel. Which is more similar in semantic meaning to barrel?,brussels sprouts
barrel|brussels sprouts|grenade,Answer using only one word - brussels sprouts or grenade and not barrel. Which is more similar in semantic meaning to barrel?,Grenade
barrel|bucket|cactus,Answer using only one word - bucket or cactus and not barrel. Which is more similar in semantic meaning to barrel?,bucket
barrel|bucket|carrot,Answer using only one word - bucket or carrot and not barrel. Which is more similar in semantic meaning to barrel?,bucket
barrel|bucket|chili,Answer using only one word - bucket or chili and not barrel. Which is more similar in semantic meaning to barrel?,bucket
barrel|bucket|coconut,Answer using only one word - bucket or coconut and not barrel. Which is more similar in semantic meaning to barrel?,bucket
barrel|bucket|eagle,Answer using only one word - bucket or eagle and not barrel. Which is more similar in semantic meaning to barrel?,bucket
barrel|bucket|fly,Answer using only one word - bucket or fly and not barrel. Which is more similar in semantic meaning to barrel?,bucket
barrel|burrito|cactus,Answer using only one word - burrito or cactus and not barrel. Which is more similar in semantic meaning to barrel?,Burrito
barrel|burrito|carrot,Answer using only one word - burrito or carrot and not barrel. Which is more similar in semantic meaning to barrel?,Burrito
barrel|burrito|chili,Answer using only one word - burrito or chili and not barrel. Which is more similar in semantic meaning to barrel?,burrito
barrel|burrito|coconut,Answer using only one word - burrito or coconut and not barrel. Which is more similar in semantic meaning to barrel?,Coconut
barrel|burrito|eagle,Answer using only one word - burrito or eagle and not barrel. Which is more similar in semantic meaning to barrel?,burrito
barrel|burrito|fly,Answer using only one word - burrito or fly and not barrel. Which is more similar in semantic meaning to barrel?,burrito
barrel|cactus|candle,Answer using only one word - cactus or candle and not barrel. Which is more similar in semantic meaning to barrel?,cactus
barrel|cactus|cart,Answer using only one word - cactus or cart and not barrel. Which is more similar in semantic meaning to barrel?,cactus
barrel|cactus|chinchilla,Answer using only one word - cactus or chinchilla and not barrel. Which is more similar in semantic meaning to barrel?,cactus
barrel|cactus|crow,Answer using only one word - cactus or crow and not barrel. Which is more similar in semantic meaning to barrel?,cactus
barrel|cactus|eggbeater,Answer using only one word - cactus or eggbeater and not barrel. Which is more similar in semantic meaning to barrel?,cactus
barrel|cactus|grenade,Answer using only one word - cactus or grenade and not barrel. Which is more similar in semantic meaning to barrel?,cactus
barrel|candle|cannon,Answer using only one word - candle or cannon and not barrel. Which is more similar in semantic meaning to barrel?,cannon
barrel|candle|caterpillar,Answer using only one word - candle or caterpillar and not barrel. Which is more similar in semantic meaning to barrel?,caterpillar
barrel|candle|clarinet,Answer using only one word - candle or clarinet and not barrel. Which is more similar in semantic meaning to barrel?,candle
barrel|candle|dragonfly,Answer using only one word - candle or dragonfly and not barrel. Which is more similar in semantic meaning to barrel?,candle
barrel|candle|file,Answer using only one word - candle or file and not barrel. Which is more similar in semantic meaning to barrel?,file
barrel|candle|missile,Answer using only one word - candle or missile and not barrel. Which is more similar in semantic meaning to barrel?,candle
barrel|candy|cart,Answer using only one word - candy or cart and not barrel. Which is more similar in semantic meaning to barrel?,candy
barrel|candy|chinchilla,Answer using only one word - candy or chinchilla and not barrel. Which is more similar in semantic meaning to barrel?,candy
barrel|candy|crow,Answer using only one word - candy or crow and not barrel. Which is more similar in semantic meaning to barrel?,candy
barrel|candy|eggbeater,Answer using only one word - candy or eggbeater and not barrel. Which is more similar in semantic meaning to barrel?,candy
barrel|candy|grenade,Answer using only one word - candy or grenade and not barrel. Which is more similar in semantic meaning to barrel?,candy
barrel|cannon|carrot,Answer using only one word - cannon or carrot and not barrel. Which is more similar in semantic meaning to barrel?,cannon
barrel|cannon|chili,Answer using only one word - cannon or chili and not barrel. Which is more similar in semantic meaning to barrel?,cannon
barrel|cannon|coconut,Answer using only one word - cannon or coconut and not barrel. Which is more similar in semantic meaning to barrel?,cannon
barrel|cannon|eagle,Answer using only one word - cannon or eagle and not barrel. Which is more similar in semantic meaning to barrel?,cannon
barrel|cannon|fly,Answer using only one word - cannon or fly and not barrel. Which is more similar in semantic meaning to barrel?,cannon
barrel|car|carrot,Answer using only one word - car or carrot and not barrel. Which is more similar in semantic meaning to barrel?,carrot
barrel|car|chili,Answer using only one word - car or chili and not barrel. Which is more similar in semantic meaning to barrel?,chili
barrel|car|coconut,Answer using only one word - car or coconut and not barrel. Which is more similar in semantic meaning to barrel?,coconut
barrel|car|eagle,Answer using only one word - car or eagle and not barrel. Which is more similar in semantic meaning to barrel?,car
barrel|car|fly,Answer using only one word - car or fly and not barrel. Which is more similar in semantic meaning to barrel?,car
barrel|carrot|cart,Answer using only one word - carrot or cart and not barrel. Which is more similar in semantic meaning to barrel?,carrot
barrel|carrot|chinchilla,Answer using only one word - carrot or chinchilla and not barrel. Which is more similar in semantic meaning to barrel?,carrot
barrel|carrot|crow,Answer using only one word - carrot or crow and not barrel. Which is more similar in semantic meaning to barrel?,carrot
barrel|carrot|eggbeater,Answer using only one word - carrot or eggbeater and not barrel. Which is more similar in semantic meaning to barrel?,carrot
barrel|carrot|grenade,Answer using only one word - carrot or grenade and not barrel. Which is more similar in semantic meaning to barrel?,Grenade
barrel|cart|caterpillar,Answer using only one word - cart or caterpillar and not barrel. Which is more similar in semantic meaning to barrel?,caterpillar
barrel|cart|clarinet,Answer using only one word - cart or clarinet and not barrel. Which is more similar in semantic meaning to barrel?,cart
barrel|cart|dragonfly,Answer using only one word - cart or dragonfly and not barrel. Which is more similar in semantic meaning to barrel?,cart
barrel|cart|file,Answer using only one word - cart or file and not barrel. Which is more similar in semantic meaning to barrel?,file
barrel|cart|missile,Answer using only one word - cart or missile and not barrel. Which is more similar in semantic meaning to barrel?,missile
barrel|cat|chinchilla,Answer using only one word - cat or chinchilla and not barrel. Which is more similar in semantic meaning to barrel?,chinchilla
barrel|cat|crow,Answer using only one word - cat or crow and not barrel. Which is more similar in semantic meaning to barrel?,crow
barrel|cat|eggbeater,Answer using only one word - cat or eggbeater and not barrel. Which is more similar in semantic meaning to barrel?,eggbeater
barrel|cat|grenade,Answer using only one word - cat or grenade and not barrel. Which is more similar in semantic meaning to barrel?,grenade
barrel|caterpillar|chili,Answer using only one word - caterpillar or chili and not barrel. Which is more similar in semantic meaning to barrel?,caterpillar
barrel|caterpillar|coconut,Answer using only one word - caterpillar or coconut and not barrel. Which is more similar in semantic meaning to barrel?,caterpillar
barrel|caterpillar|eagle,Answer using only one word - caterpillar or eagle and not barrel. Which is more similar in semantic meaning to barrel?,caterpillar
barrel|caterpillar|fly,Answer using only one word - caterpillar or fly and not barrel. Which is more similar in semantic meaning to barrel?,caterpillar
barrel|celery|chili,Answer using only one word - celery or chili and not barrel. Which is more similar in semantic meaning to barrel?,celery
barrel|celery|coconut,Answer using only one word - celery or coconut and not barrel. Which is more similar in semantic meaning to barrel?,Coconut
barrel|celery|eagle,Answer using only one word - celery or eagle and not barrel. Which is more similar in semantic meaning to barrel?,celery
barrel|celery|fly,Answer using only one word - celery or fly and not barrel. Which is more similar in semantic meaning to barrel?,celery
barrel|chili|chinchilla,Answer using only one word - chili or chinchilla and not barrel. Which is more similar in semantic meaning to barrel?,Chili
barrel|chili|crow,Answer using only one word - chili or crow and not barrel. Which is more similar in semantic meaning to barrel?,chili
barrel|chili|eggbeater,Answer using only one word - chili or eggbeater and not barrel. Which is more similar in semantic meaning to barrel?,Chili
barrel|chili|grenade,Answer using only one word - chili or grenade and not barrel. Which is more similar in semantic meaning to barrel?,grenade
barrel|chinchilla|clarinet,Answer using only one word - chinchilla or clarinet and not barrel. Which is more similar in semantic meaning to barrel?,Clarinet
barrel|chinchilla|dragonfly,Answer using only one word - chinchilla or dragonfly and not barrel. Which is more similar in semantic meaning to barrel?,Chinchilla
barrel|chinchilla|file,Answer using only one word - chinchilla or file and not barrel. Which is more similar in semantic meaning to barrel?,file
barrel|chinchilla|missile,Answer using only one word - chinchilla or missile and not barrel. Which is more similar in semantic meaning to barrel?,missile
barrel|chisel|crow,Answer using only one word - chisel or crow and not barrel. Which is more similar in semantic meaning to barrel?,Crow
barrel|chisel|eggbeater,Answer using only one word - chisel or eggbeater and not barrel. Which is more similar in semantic meaning to barrel?,Chisel
barrel|chisel|grenade,Answer using only one word - chisel or grenade and not barrel. Which is more similar in semantic meaning to barrel?,Chisel
barrel|clarinet|coconut,Answer using only one word - clarinet or coconut and not barrel. Which is more similar in semantic meaning to barrel?,coconut
barrel|clarinet|eagle,Answer using only one word - clarinet or eagle and not barrel. Which is more similar in semantic meaning to barrel?,clarinet
barrel|clarinet|fly,Answer using only one word - clarinet or fly and not barrel. Which is more similar in semantic meaning to barrel?,clarinet
barrel|coat|coconut,Answer using only one word - coat or coconut and not barrel. Which is more similar in semantic meaning to barrel?,Coconut
barrel|coat|eagle,Answer using only one word - coat or eagle and not barrel. Which is more similar in semantic meaning to barrel?,coat
barrel|coat|fly,Answer using only one word - coat or fly and not barrel. Which is more similar in semantic meaning to barrel?,coat
barrel|coconut|crow,Answer using only one word - coconut or crow and not barrel. Which is more similar in semantic meaning to barrel?,coconut
barrel|coconut|eggbeater,Answer using only one word - coconut or eggbeater and not barrel. Which is more similar in semantic meaning to barrel?,Coconut
barrel|coconut|grenade,Answer using only one word - coconut or grenade and not barrel. Which is more similar in semantic meaning to barrel?,coconut
barrel|crow|dragonfly,Answer using only one word - crow or dragonfly and not barrel. Which is more similar in semantic meaning to barrel?,crow
barrel|crow|file,Answer using only one word - crow or file and not barrel. Which is more similar in semantic meaning to barrel?,file
barrel|crow|missile,Answer using only one word - crow or missile and not barrel. Which is more similar in semantic meaning to barrel?,missile
barrel|crowbar|eggbeater,Answer using only one word - crowbar or eggbeater and not barrel. Which is more similar in semantic meaning to barrel?,crowbar
barrel|crowbar|grenade,Answer using only one word - crowbar or grenade and not barrel. Which is more similar in semantic meaning to barrel?,crowbar
barrel|dragonfly|eagle,Answer using only one word - dragonfly or eagle and not barrel. Which is more similar in semantic meaning to barrel?,Neither
barrel|dragonfly|fly,Answer using only one word - dragonfly or fly and not barrel. Which is more similar in semantic meaning to barrel?,fly
barrel|dress|eagle,Answer using only one word - dress or eagle and not barrel. Which is more similar in semantic meaning to barrel?,dress
barrel|dress|fly,Answer using only one word - dress or fly and not barrel. Which is more similar in semantic meaning to barrel?,dress
barrel|eagle|eggbeater,Answer using only one word - eagle or eggbeater and not barrel. Which is more similar in semantic meaning to barrel?,Eggbeater
barrel|eagle|grenade,Answer using only one word - eagle or grenade and not barrel. Which is more similar in semantic meaning to barrel?,grenade
barrel|eggbeater|file,Answer using only one word - eggbeater or file and not barrel. Which is more similar in semantic meaning to barrel?,file
barrel|eggbeater|missile,Answer using only one word - eggbeater or missile and not barrel. Which is more similar in semantic meaning to barrel?,missile
barrel|fig|grenade,Answer using only one word - fig or grenade and not barrel. Which is more similar in semantic meaning to barrel?,fig
barrel|file|fly,Answer using only one word - file or fly and not barrel. Which is more similar in semantic meaning to barrel?,file
barrel|flute|fly,Answer using only one word - flute or fly and not barrel. Which is more similar in semantic meaning to barrel?,flute
barrel|fly|grenade,Answer using only one word - fly or grenade and not barrel. Which is more similar in semantic meaning to barrel?,grenade
barrel|grenade|missile,Answer using only one word - grenade or missile and not barrel. Which is more similar in semantic meaning to barrel?,Grenade
bat|beaver|bed,Answer using only one word - beaver or bed and not bat. Which is more similar in semantic meaning to bat?,beaver
bat|beaver|bird,Answer using only one word - beaver or bird and not bat. Which is more similar in semantic meaning to bat?,bird
bat|beaver|boar,Answer using only one word - beaver or boar and not bat. Which is more similar in semantic meaning to bat?,beaver
bat|beaver|cactus,Answer using only one word - beaver or cactus and not bat. Which is more similar in semantic meaning to bat?,beaver
bat|beaver|carrot,Answer using only one word - beaver or carrot and not bat. Which is more similar in semantic meaning to bat?,beaver
bat|beaver|chili,Answer using only one word - beaver or chili and not bat. Which is more similar in semantic meaning to bat?,beaver
bat|beaver|coconut,Answer using only one word - beaver or coconut and not bat. Which is more similar in semantic meaning to bat?,coconut
bat|beaver|eagle,Answer using only one word - beaver or eagle and not bat. Which is more similar in semantic meaning to bat?,eagle
bat|beaver|fly,Answer using only one word - beaver or fly and not bat. Which is more similar in semantic meaning to bat?,fly
bat|bed|beet,Answer using only one word - bed or beet and not bat. Which is more similar in semantic meaning to bat?,bed
bat|bed|blender,Answer using only one word - bed or blender and not bat. Which is more similar in semantic meaning to bat?,blender
bat|bed|bread,Answer using only one word - bed or bread and not bat. Which is more similar in semantic meaning to bat?,bed
bat|bed|candle,Answer using only one word - bed or candle and not bat. Which is more similar in semantic meaning to bat?,candle
bat|bed|cart,Answer using only one word - bed or cart and not bat. Which is more similar in semantic meaning to bat?,bed
bat|bed|chinchilla,Answer using only one word - bed or chinchilla and not bat. Which is more similar in semantic meaning to bat?,chinchilla
bat|bed|crow,Answer using only one word - bed or crow and not bat. Which is more similar in semantic meaning to bat?,crow
bat|bed|eggbeater,Answer using only one word - bed or eggbeater and not bat. Which is more similar in semantic meaning to bat?,eggbeater
bat|bed|grenade,Answer using only one word - bed or grenade and not bat. Which is more similar in semantic meaning to bat?,bed
bat|beet|bell,Answer using only one word - beet or bell and not bat. Which is more similar in semantic meaning to bat?,bell
bat|beet|blueberry,Answer using only one word - beet or blueberry and not bat. Which is more similar in semantic meaning to bat?,beet
bat|beet|bucket,Answer using only one word - beet or bucket and not bat. Which is more similar in semantic meaning to bat?,bucket
bat|beet|cannon,Answer using only one word - beet or cannon and not bat. Which is more similar in semantic meaning to bat?,cannon
bat|beet|caterpillar,Answer using only one word - beet or caterpillar and not bat. Which is more similar in semantic meaning to bat?,caterpillar
bat|beet|clarinet,Answer using only one word - beet or clarinet and not bat. Which is more similar in semantic meaning to bat?,Beet
bat|beet|dragonfly,Answer using only one word - beet or dragonfly and not bat. Which is more similar in semantic meaning to bat?,dragonfly
bat|beet|file,Answer using only one word - beet or file and not bat. Which is more similar in semantic meaning to bat?,file
bat|beet|missile,Answer using only one word - beet or missile and not bat. Which is more similar in semantic meaning to bat?,beet
bat|beetle|blender,Answer using only one word - beetle or blender and not bat. Which is more similar in semantic meaning to bat?,beetle
bat|beetle|bread,Answer using only one word - beetle or bread and not bat. Which is more similar in semantic meaning to bat?,beetle
bat|beetle|candle,Answer using only one word - beetle or candle and not bat. Which is more similar in semantic meaning to bat?,beetle
bat|beetle|cart,Answer using only one word - beetle or cart and not bat. Which is more similar in semantic meaning to bat?,beetle
bat|beetle|chinchilla,Answer using only one word - beetle or chinchilla and not bat. Which is more similar in semantic meaning to bat?,chinchilla
bat|beetle|crow,Answer using only one word - beetle or crow and not bat. Which is more similar in semantic meaning to bat?,beetle
bat|beetle|eggbeater,Answer using only one word - beetle or eggbeater and not bat. Which is more similar in semantic meaning to bat?,beetle
bat|beetle|grenade,Answer using only one word - beetle or grenade and not bat. Which is more similar in semantic meaning to bat?,beetle
bat|bell|bird,Answer using only one word - bell or bird and not bat. Which is more similar in semantic meaning to bat?,bird
bat|bell|boar,Answer using only one word - bell or boar and not bat. Which is more similar in semantic meaning to bat?,boar
bat|bell|cactus,Answer using only one word - bell or cactus and not bat. Which is more similar in semantic meaning to bat?,cactus
bat|bell|carrot,Answer using only one word - bell or carrot and not bat. Which is more similar in semantic meaning to bat?,carrot
bat|bell|chili,Answer using only one word - bell or chili and not bat. Which is more similar in semantic meaning to bat?,chili
bat|bell|coconut,Answer using only one word - bell or coconut and not bat. Which is more similar in semantic meaning to bat?,coconut
bat|bell|eagle,Answer using only one word - bell or eagle and not bat. Which is more similar in semantic meaning to bat?,eagle
bat|bell|fly,Answer using only one word - bell or fly and not bat. Which is more similar in semantic meaning to bat?,fly
bat|belt|bird,Answer using only one word - belt or bird and not bat. Which is more similar in semantic meaning to bat?,bird
bat|belt|boar,Answer using only one word - belt or boar and not bat. Which is more similar in semantic meaning to bat?,boar
bat|belt|cactus,Answer using only one word - belt or cactus and not bat. Which is more similar in semantic meaning to bat?,cactus
bat|belt|carrot,Answer using only one word - belt or carrot and not bat. Which is more similar in semantic meaning to bat?,carrot
bat|belt|chili,Answer using only one word - belt or chili and not bat. Which is more similar in semantic meaning to bat?,belt
bat|belt|coconut,Answer using only one word - belt or coconut and not bat. Which is more similar in semantic meaning to bat?,belt
bat|belt|eagle,Answer using only one word - belt or eagle and not bat. Which is more similar in semantic meaning to bat?,eagle
bat|belt|fly,Answer using only one word - belt or fly and not bat. Which is more similar in semantic meaning to bat?,fly
bat|bird|blender,Answer using only one word - bird or blender and not bat. Which is more similar in semantic meaning to bat?,bird
bat|bird|bread,Answer using only one word - bird or bread and not bat. Which is more similar in semantic meaning to bat?,bird
bat|bird|candle,Answer using only one word - bird or candle and not bat. Which is more similar in semantic meaning to bat?,bird
bat|bird|cart,Answer using only one word - bird or cart and not bat. Which is more similar in semantic meaning to bat?,bird
bat|bird|chinchilla,Answer using only one word - bird or chinchilla and not bat. Which is more similar in semantic meaning to bat?,chinchilla
bat|bird|crow,Answer using only one word - bird or crow and not bat. Which is more similar in semantic meaning to bat?,bird
bat|bird|eggbeater,Answer using only one word - bird or eggbeater and not bat. Which is more similar in semantic meaning to bat?,bird
bat|bird|grenade,Answer using only one word - bird or grenade and not bat. Which is more similar in semantic meaning to bat?,bird
bat|blender|blueberry,Answer using only one word - blender or blueberry and not bat. Which is more similar in semantic meaning to bat?,blender
bat|blender|bucket,Answer using only one word - blender or bucket and not bat. Which is more similar in semantic meaning to bat?,blender
bat|blender|cannon,Answer using only one word - blender or cannon and not bat. Which is more similar in semantic meaning to bat?,blender
bat|blender|caterpillar,Answer using only one word - blender or caterpillar and not bat. Which is more similar in semantic meaning to bat?,caterpillar
bat|blender|clarinet,Answer using only one word - blender or clarinet and not bat. Which is more similar in semantic meaning to bat?,blender
bat|blender|dragonfly,Answer using only one word - blender or dragonfly and not bat. Which is more similar in semantic meaning to bat?,dragonfly
bat|blender|file,Answer using only one word - blender or file and not bat. Which is more similar in semantic meaning to bat?,blender
bat|blender|missile,Answer using only one word - blender or missile and not bat. Which is more similar in semantic meaning to bat?,blender
bat|blowtorch|bread,Answer using only one word - blowtorch or bread and not bat. Which is more similar in semantic meaning to bat?,blowtorch
bat|blowtorch|candle,Answer using only one word - blowtorch or candle and not bat. Which is more similar in semantic meaning to bat?,blowtorch
bat|blowtorch|cart,Answer using only one word - blowtorch or cart and not bat. Which is more similar in semantic meaning to bat?,cart
bat|blowtorch|chinchilla,Answer using only one word - blowtorch or chinchilla and not bat. Which is more similar in semantic meaning to bat?,Chinchilla
bat|blowtorch|crow,Answer using only one word - blowtorch or crow and not bat. Which is more similar in semantic meaning to bat?,crow
bat|blowtorch|eggbeater,Answer using only one word - blowtorch or eggbeater and not bat. Which is more similar in semantic meaning to bat?,blowtorch
bat|blowtorch|grenade,Answer using only one word - blowtorch or grenade and not bat. Which is more similar in semantic meaning to bat?,blowtorch
bat|blueberry|boar,Answer using only one word - blueberry or boar and not bat. Which is more similar in semantic meaning to bat?,boar
bat|blueberry|cactus,Answer using only one word - blueberry or cactus and not bat. Which is more similar in semantic meaning to bat?,cactus
bat|blueberry|carrot,Answer using only one word - blueberry or carrot and not bat. Which is more similar in semantic meaning to bat?,carrot
bat|blueberry|chili,Answer using only one word - blueberry or chili and not bat. Which is more similar in semantic meaning to bat?,chili
bat|blueberry|coconut,Answer using only one word - blueberry or coconut and not bat. Which is more similar in semantic meaning to bat?,coconut
bat|blueberry|eagle,Answer using only one word - blueberry or eagle and not bat. Which is more similar in semantic meaning to bat?,eagle
bat|blueberry|fly,Answer using only one word - blueberry or fly and not bat. Which is more similar in semantic meaning to bat?,fly
bat|boa|boar,Answer using only one word - boa or boar and not bat. Which is more similar in semantic meaning to bat?,boa
bat|boa|cactus,Answer using only one word - boa or cactus and not bat. Which is more similar in semantic meaning to bat?,boa
bat|boa|carrot,Answer using only one word - boa or carrot and not bat. Which is more similar in semantic meaning to bat?,boa
bat|boa|chili,Answer using only one word - boa or chili and not bat. Which is more similar in semantic meaning to bat?,boa
bat|boa|coconut,Answer using only one word - boa or coconut and not bat. Which is more similar in semantic meaning to bat?,boa
bat|boa|eagle,Answer using only one word - boa or eagle and not bat. Which is more similar in semantic meaning to bat?,eagle
bat|boa|fly,Answer using only one word - boa or fly and not bat. Which is more similar in semantic meaning to bat?,fly
bat|boar|bread,Answer using only one word - boar or bread and not bat. Which is more similar in semantic meaning to bat?,boar
bat|boar|candle,Answer using only one word - boar or candle and not bat. Which is more similar in semantic meaning to bat?,Boar
bat|boar|cart,Answer using only one word - boar or cart and not bat. Which is more similar in semantic meaning to bat?,boar
bat|boar|chinchilla,Answer using only one word - boar or chinchilla and not bat. Which is more similar in semantic meaning to bat?,Chinchilla
bat|boar|crow,Answer using only one word - boar or crow and not bat. Which is more similar in semantic meaning to bat?,crow
bat|boar|eggbeater,Answer using only one word - boar or eggbeater and not bat. Which is more similar in semantic meaning to bat?,Boar
bat|boar|grenade,Answer using only one word - boar or grenade and not bat. Which is more similar in semantic meaning to bat?,boar
bat|bread|bucket,Answer using only one word - bread or bucket and not bat. Which is more similar in semantic meaning to bat?,bucket
bat|bread|cannon,Answer using only one word - bread or cannon and not bat. Which is more similar in semantic meaning to bat?,cannon
bat|bread|caterpillar,Answer using only one word - bread or caterpillar and not bat. Which is more similar in semantic meaning to bat?,caterpillar
bat|bread|clarinet,Answer using only one word - bread or clarinet and not bat. Which is more similar in semantic meaning to bat?,bread
bat|bread|dragonfly,Answer using only one word - bread or dragonfly and not bat. Which is more similar in semantic meaning to bat?,dragonfly
bat|bread|file,Answer using only one word - bread or file and not bat. Which is more similar in semantic meaning to bat?,file
bat|bread|missile,Answer using only one word - bread or missile and not bat. Which is more similar in semantic meaning to bat?,bread
bat|brussels sprouts|candle,Answer using only one word - brussels sprouts or candle and not bat. Which is more similar in semantic meaning to bat?,Candle
bat|brussels sprouts|cart,Answer using only one word - brussels sprouts or cart and not bat. Which is more similar in semantic meaning to bat?,Cart
bat|brussels sprouts|chinchilla,Answer using only one word - brussels sprouts or chinchilla and not bat. Which is more similar in semantic meaning to bat?,Chinchilla
bat|brussels sprouts|crow,Answer using only one word - brussels sprouts or crow and not bat. Which is more similar in semantic meaning to bat?,Crow
bat|brussels sprouts|eggbeater,Answer using only one word - brussels sprouts or eggbeater and not bat. Which is more similar in semantic meaning to bat?,Eggbeater
bat|brussels sprouts|grenade,Answer using only one word - brussels sprouts or grenade and not bat. Which is more similar in semantic meaning to bat?,Grenade
bat|bucket|cactus,Answer using only one word - bucket or cactus and not bat. Which is more similar in semantic meaning to bat?,cactus
bat|bucket|carrot,Answer using only one word - bucket or carrot and not bat. Which is more similar in semantic meaning to bat?,bucket
bat|bucket|chili,Answer using only one word - bucket or chili and not bat. Which is more similar in semantic meaning to bat?,chili
bat|bucket|coconut,Answer using only one word - bucket or coconut and not bat. Which is more similar in semantic meaning to bat?,coconut
bat|bucket|eagle,Answer using only one word - bucket or eagle and not bat. Which is more similar in semantic meaning to bat?,Eagle
bat|bucket|fly,Answer using only one word - bucket or fly and not bat. Which is more similar in semantic meaning to bat?,fly
bat|burrito|cactus,Answer using only one word - burrito or cactus and not bat. Which is more similar in semantic meaning to bat?,cactus
bat|burrito|carrot,Answer using only one word - burrito or carrot and not bat. Which is more similar in semantic meaning to bat?,carrot
bat|burrito|chili,Answer using only one word - burrito or chili and not bat. Which is more similar in semantic meaning to bat?,chili
bat|burrito|coconut,Answer using only one word - burrito or coconut and not bat. Which is more similar in semantic meaning to bat?,coconut
bat|burrito|eagle,Answer using only one word - burrito or eagle and not bat. Which is more similar in semantic meaning to bat?,eagle
bat|burrito|fly,Answer using only one word - burrito or fly and not bat. Which is more similar in semantic meaning to bat?,Fly
bat|cactus|candle,Answer using only one word - cactus or candle and not bat. Which is more similar in semantic meaning to bat?,cactus
bat|cactus|cart,Answer using only one word - cactus or cart and not bat. Which is more similar in semantic meaning to bat?,cactus
bat|cactus|chinchilla,Answer using only one word - cactus or chinchilla and not bat. Which is more similar in semantic meaning to bat?,chinchilla
bat|cactus|crow,Answer using only one word - cactus or crow and not bat. Which is more similar in semantic meaning to bat?,cactus
bat|cactus|eggbeater,Answer using only one word - cactus or eggbeater and not bat. Which is more similar in semantic meaning to bat?,Eggbeater
bat|cactus|grenade,Answer using only one word - cactus or grenade and not bat. Which is more similar in semantic meaning to bat?,cactus
bat|candle|cannon,Answer using only one word - candle or cannon and not bat. Which is more similar in semantic meaning to bat?,cannon
bat|candle|caterpillar,Answer using only one word - candle or caterpillar and not bat. Which is more similar in semantic meaning to bat?,caterpillar
bat|candle|clarinet,Answer using only one word - candle or clarinet and not bat. Which is more similar in semantic meaning to bat?,candle
bat|candle|dragonfly,Answer using only one word - candle or dragonfly and not bat. Which is more similar in semantic meaning to bat?,dragonfly
bat|candle|file,Answer using only one word - candle or file and not bat. Which is more similar in semantic meaning to bat?,file
bat|candle|missile,Answer using only one word - candle or missile and not bat. Which is more similar in semantic meaning to bat?,candle
bat|candy|cart,Answer using only one word - candy or cart and not bat. Which is more similar in semantic meaning to bat?,candy
bat|candy|chinchilla,Answer using only one word - candy or chinchilla and not bat. Which is more similar in semantic meaning to bat?,chinchilla
bat|candy|crow,Answer using only one word - candy or crow and not bat. Which is more similar in semantic meaning to bat?,crow
bat|candy|eggbeater,Answer using only one word - candy or eggbeater and not bat. Which is more similar in semantic meaning to bat?,Eggbeater
bat|candy|grenade,Answer using only one word - candy or grenade and not bat. Which is more similar in semantic meaning to bat?,candy
bat|cannon|carrot,Answer using only one word - cannon or carrot and not bat. Which is more similar in semantic meaning to bat?,cannon
bat|cannon|chili,Answer using only one word - cannon or chili and not bat. Which is more similar in semantic meaning to bat?,cannon
bat|cannon|coconut,Answer using only one word - cannon or coconut and not bat. Which is more similar in semantic meaning to bat?,cannon
bat|cannon|eagle,Answer using only one word - cannon or eagle and not bat. Which is more similar in semantic meaning to bat?,Eagle
bat|cannon|fly,Answer using only one word - cannon or fly and not bat. Which is more similar in semantic meaning to bat?,cannon
bat|car|carrot,Answer using only one word - car or carrot and not bat. Which is more similar in semantic meaning to bat?,carrot
bat|car|chili,Answer using only one word - car or chili and not bat. Which is more similar in semantic meaning to bat?,chili
bat|car|coconut,Answer using only one word - car or coconut and not bat. Which is more similar in semantic meaning to bat?,coconut
bat|car|eagle,Answer using only one word - car or eagle and not bat. Which is more similar in semantic meaning to bat?,eagle
bat|car|fly,Answer using only one word - car or fly and not bat. Which is more similar in semantic meaning to bat?,fly
bat|carrot|cart,Answer using only one word - carrot or cart and not bat. Which is more similar in semantic meaning to bat?,carrot
bat|carrot|chinchilla,Answer using only one word - carrot or chinchilla and not bat. Which is more similar in semantic meaning to bat?,chinchilla
bat|carrot|crow,Answer using only one word - carrot or crow and not bat. Which is more similar in semantic meaning to bat?,crow
bat|carrot|eggbeater,Answer using only one word - carrot or eggbeater and not bat. Which is more similar in semantic meaning to bat?,carrot
bat|carrot|grenade,Answer using only one word - carrot or grenade and not bat. Which is more similar in semantic meaning to bat?,carrot
bat|cart|caterpillar,Answer using only one word - cart or caterpillar and not bat. Which is more similar in semantic meaning to bat?,caterpillar
bat|cart|clarinet,Answer using only one word - cart or clarinet and not bat. Which is more similar in semantic meaning to bat?,Clarinet
bat|cart|dragonfly,Answer using only one word - cart or dragonfly and not bat. Which is more similar in semantic meaning to bat?,dragonfly
bat|cart|file,Answer using only one word - cart or file and not bat. Which is more similar in semantic meaning to bat?,file
bat|cart|missile,Answer using only one word - cart or missile and not bat. Which is more similar in semantic meaning to bat?,Missile
bat|cat|chinchilla,Answer using only one word - cat or chinchilla and not bat. Which is more similar in semantic meaning to bat?,chinchilla
bat|cat|crow,Answer using only one word - cat or crow and not bat. Which is more similar in semantic meaning to bat?,crow
bat|cat|eggbeater,Answer using only one word - cat or eggbeater and not bat. Which is more similar in semantic meaning to bat?,cat
bat|cat|grenade,Answer using only one word - cat or grenade and not bat. Which is more similar in semantic meaning to bat?,cat
bat|caterpillar|chili,Answer using only one word - caterpillar or chili and not bat. Which is more similar in semantic meaning to bat?,caterpillar
bat|caterpillar|coconut,Answer using only one word - caterpillar or coconut and not bat. Which is more similar in semantic meaning to bat?,caterpillar
bat|caterpillar|eagle,Answer using only one word - caterpillar or eagle and not bat. Which is more similar in semantic meaning to bat?,caterpillar
bat|caterpillar|fly,Answer using only one word - caterpillar or fly and not bat. Which is more similar in semantic meaning to bat?,fly
bat|celery|chili,Answer using only one word - celery or chili and not bat. Which is more similar in semantic meaning to bat?,chili
bat|celery|coconut,Answer using only one word - celery or coconut and not bat. Which is more similar in semantic meaning to bat?,Coconut
bat|celery|eagle,Answer using only one word - celery or eagle and not bat. Which is more similar in semantic meaning to bat?,eagle
bat|celery|fly,Answer using only one word - celery or fly and not bat. Which is more similar in semantic meaning to bat?,fly
bat|chili|chinchilla,Answer using only one word - chili or chinchilla and not bat. Which is more similar in semantic meaning to bat?,Chinchilla
bat|chili|crow,Answer using only one word - chili or crow and not bat. Which is more similar in semantic meaning to bat?,crow
bat|chili|eggbeater,Answer using only one word - chili or eggbeater and not bat. Which is more similar in semantic meaning to bat?,chili
bat|chili|grenade,Answer using only one word - chili or grenade and not bat. Which is more similar in semantic meaning to bat?,grenade
bat|chinchilla|clarinet,Answer using only one word - chinchilla or clarinet and not bat. Which is more similar in semantic meaning to bat?,Chinchilla
bat|chinchilla|dragonfly,Answer using only one word - chinchilla or dragonfly and not bat. Which is more similar in semantic meaning to bat?,Chinchilla
bat|chinchilla|file,Answer using only one word - chinchilla or file and not bat. Which is more similar in semantic meaning to bat?,file
bat|chinchilla|missile,Answer using only one word - chinchilla or missile and not bat. Which is more similar in semantic meaning to bat?,chinchilla
bat|chisel|crow,Answer using only one word - chisel or crow and not bat. Which is more similar in semantic meaning to bat?,Chisel
bat|chisel|eggbeater,Answer using only one word - chisel or eggbeater and not bat. Which is more similar in semantic meaning to bat?,Chisel
bat|chisel|grenade,Answer using only one word - chisel or grenade and not bat. Which is more similar in semantic meaning to bat?,Chisel
bat|clarinet|coconut,Answer using only one word - clarinet or coconut and not bat. Which is more similar in semantic meaning to bat?,coconut
bat|clarinet|eagle,Answer using only one word - clarinet or eagle and not bat. Which is more similar in semantic meaning to bat?,eagle
bat|clarinet|fly,Answer using only one word - clarinet or fly and not bat. Which is more similar in semantic meaning to bat?,fly
bat|coat|coconut,Answer using only one word - coat or coconut and not bat. Which is more similar in semantic meaning to bat?,coat
bat|coat|eagle,Answer using only one word - coat or eagle and not bat. Which is more similar in semantic meaning to bat?,eagle
bat|coat|fly,Answer using only one word - coat or fly and not bat. Which is more similar in semantic meaning to bat?,fly
bat|coconut|crow,Answer using only one word - coconut or crow and not bat. Which is more similar in semantic meaning to bat?,crow
bat|coconut|eggbeater,Answer using only one word - coconut or eggbeater and not bat. Which is more similar in semantic meaning to bat?,Eggbeater
bat|coconut|grenade,Answer using only one word - coconut or grenade and not bat. Which is more similar in semantic meaning to bat?,coconut
bat|crow|dragonfly,Answer using only one word - crow or dragonfly and not bat. Which is more similar in semantic meaning to bat?,crow
bat|crow|file,Answer using only one word - crow or file and not bat. Which is more similar in semantic meaning to bat?,crow
bat|crow|missile,Answer using only one word - crow or missile and not bat. Which is more similar in semantic meaning to bat?,crow
bat|crowbar|eggbeater,Answer using only one word - crowbar or eggbeater and not bat. Which is more similar in semantic meaning to bat?,crowbar
bat|crowbar|grenade,Answer using only one word - crowbar or grenade and not bat. Which is more similar in semantic meaning to bat?,crowbar
bat|dragonfly|eagle,Answer using only one word - dragonfly or eagle and not bat. Which is more similar in semantic meaning to bat?,dragonfly
bat|dragonfly|fly,Answer using only one word - dragonfly or fly and not bat. Which is more similar in semantic meaning to bat?,fly
bat|dress|eagle,Answer using only one word - dress or eagle and not bat. Which is more similar in semantic meaning to bat?,eagle
bat|dress|fly,Answer using only one word - dress or fly and not bat. Which is more similar in semantic meaning to bat?,fly
bat|eagle|eggbeater,Answer using only one word - eagle or eggbeater and not bat. Which is more similar in semantic meaning to bat?,eagle
bat|eagle|grenade,Answer using only one word - eagle or grenade and not bat. Which is more similar in semantic meaning to bat?,eagle
bat|eggbeater|file,Answer using only one word - eggbeater or file and not bat. Which is more similar in semantic meaning to bat?,Eggbeater
bat|eggbeater|missile,Answer using only one word - eggbeater or missile and not bat. Which is more similar in semantic meaning to bat?,missile
bat|fig|grenade,Answer using only one word - fig or grenade and not bat. Which is more similar in semantic meaning to bat?,fig
bat|file|fly,Answer using only one word - file or fly and not bat. Which is more similar in semantic meaning to bat?,fly
bat|flute|fly,Answer using only one word - flute or fly and not bat. Which is more similar in semantic meaning to bat?,fly
bat|fly|grenade,Answer using only one word - fly or grenade and not bat. Which is more similar in semantic meaning to bat?,fly
bat|grenade|missile,Answer using only one word - grenade or missile and not bat. Which is more similar in semantic meaning to bat?,Grenade
beaver|bed|beet,Answer using only one word - bed or beet and not beaver. Which is more similar in semantic meaning to beaver?,bed
beaver|bed|blender,Answer using only one word - bed or blender and not beaver. Which is more similar in semantic meaning to beaver?,bed
beaver|bed|bread,Answer using only one word - bed or bread and not beaver. Which is more similar in semantic meaning to beaver?,bed
beaver|bed|candle,Answer using only one word - bed or candle and not beaver. Which is more similar in semantic meaning to beaver?,candle
beaver|bed|cart,Answer using only one word - bed or cart and not beaver. Which is more similar in semantic meaning to beaver?,cart
beaver|bed|chinchilla,Answer using only one word - bed or chinchilla and not beaver. Which is more similar in semantic meaning to beaver?,chinchilla
beaver|bed|crow,Answer using only one word - bed or crow and not beaver. Which is more similar in semantic meaning to beaver?,bed
beaver|bed|eggbeater,Answer using only one word - bed or eggbeater and not beaver. Which is more similar in semantic meaning to beaver?,bed
beaver|bed|grenade,Answer using only one word - bed or grenade and not beaver. Which is more similar in semantic meaning to beaver?,bed
beaver|beet|bell,Answer using only one word - beet or bell and not beaver. Which is more similar in semantic meaning to beaver?,bell
beaver|beet|blueberry,Answer using only one word - beet or blueberry and not beaver. Which is more similar in semantic meaning to beaver?,beet
beaver|beet|bucket,Answer using only one word - beet or bucket and not beaver. Which is more similar in semantic meaning to beaver?,bucket
beaver|beet|cannon,Answer using only one word - beet or cannon and not beaver. Which is more similar in semantic meaning to beaver?,cannon
beaver|beet|caterpillar,Answer using only one word - beet or caterpillar and not beaver. Which is more similar in semantic meaning to beaver?,caterpillar
beaver|beet|clarinet,Answer using only one word - beet or clarinet and not beaver. Which is more similar in semantic meaning to beaver?,clarinet
beaver|beet|dragonfly,Answer using only one word - beet or dragonfly and not beaver. Which is more similar in semantic meaning to beaver?,beet
beaver|beet|file,Answer using only one word - beet or file and not beaver. Which is more similar in semantic meaning to beaver?,file
beaver|beet|missile,Answer using only one word - beet or missile and not beaver. Which is more similar in semantic meaning to beaver?,beet
beaver|beetle|blender,Answer using only one word - beetle or blender and not beaver. Which is more similar in semantic meaning to beaver?,beetle
beaver|beetle|bread,Answer using only one word - beetle or bread and not beaver. Which is more similar in semantic meaning to beaver?,beetle
beaver|beetle|candle,Answer using only one word - beetle or candle and not beaver. Which is more similar in semantic meaning to beaver?,beetle
beaver|beetle|cart,Answer using only one word - beetle or cart and not beaver. Which is more similar in semantic meaning to beaver?,beetle
beaver|beetle|chinchilla,Answer using only one word - beetle or chinchilla and not beaver. Which is more similar in semantic meaning to beaver?,chinchilla
beaver|beetle|crow,Answer using only one word - beetle or crow and not beaver. Which is more similar in semantic meaning to beaver?,beetle
beaver|beetle|eggbeater,Answer using only one word - beetle or eggbeater and not beaver. Which is more similar in semantic meaning to beaver?,beetle
beaver|beetle|grenade,Answer using only one word - beetle or grenade and not beaver. Which is more similar in semantic meaning to beaver?,beetle
beaver|bell|bird,Answer using only one word - bell or bird and not beaver. Which is more similar in semantic meaning to beaver?,bird
beaver|bell|boar,Answer using only one word - bell or boar and not beaver. Which is more similar in semantic meaning to beaver?,boar
beaver|bell|cactus,Answer using only one word - bell or cactus and not beaver. Which is more similar in semantic meaning to beaver?,cactus
beaver|bell|carrot,Answer using only one word - bell or carrot and not beaver. Which is more similar in semantic meaning to beaver?,carrot
beaver|bell|chili,Answer using only one word - bell or chili and not beaver. Which is more similar in semantic meaning to beaver?,chili
beaver|bell|coconut,Answer using only one word - bell or coconut and not beaver. Which is more similar in semantic meaning to beaver?,coconut
beaver|bell|eagle,Answer using only one word - bell or eagle and not beaver. Which is more similar in semantic meaning to beaver?,eagle
beaver|bell|fly,Answer using only one word - bell or fly and not beaver. Which is more similar in semantic meaning to beaver?,fly
beaver|belt|bird,Answer using only one word - belt or bird and not beaver. Which is more similar in semantic meaning to beaver?,belt
beaver|belt|boar,Answer using only one word - belt or boar and not beaver. Which is more similar in semantic meaning to beaver?,boar
beaver|belt|cactus,Answer using only one word - belt or cactus and not beaver. Which is more similar in semantic meaning to beaver?,belt
beaver|belt|carrot,Answer using only one word - belt or carrot and not beaver. Which is more similar in semantic meaning to beaver?,belt
beaver|belt|chili,Answer using only one word - belt or chili and not beaver. Which is more similar in semantic meaning to beaver?,belt
beaver|belt|coconut,Answer using only one word - belt or coconut and not beaver. Which is more similar in semantic meaning to beaver?,belt
beaver|belt|eagle,Answer using only one word - belt or eagle and not beaver. Which is more similar in semantic meaning to beaver?,belt
beaver|belt|fly,Answer using only one word - belt or fly and not beaver. Which is more similar in semantic meaning to beaver?,belt
beaver|bird|blender,Answer using only one word - bird or blender and not beaver. Which is more similar in semantic meaning to beaver?,bird
beaver|bird|bread,Answer using only one word - bird or bread and not beaver. Which is more similar in semantic meaning to beaver?,bird
beaver|bird|candle,Answer using only one word - bird or candle and not beaver. Which is more similar in semantic meaning to beaver?,bird
beaver|bird|cart,Answer using only one word - bird or cart and not beaver. Which is more similar in semantic meaning to beaver?,bird
beaver|bird|chinchilla,Answer using only one word - bird or chinchilla and not beaver. Which is more similar in semantic meaning to beaver?,chinchilla
beaver|bird|crow,Answer using only one word - bird or crow and not beaver. Which is more similar in semantic meaning to beaver?,bird
beaver|bird|eggbeater,Answer using only one word - bird or eggbeater and not beaver. Which is more similar in semantic meaning to beaver?,bird
beaver|bird|grenade,Answer using only one word - bird or grenade and not beaver. Which is more similar in semantic meaning to beaver?,grenade
beaver|blender|blueberry,Answer using only one word - blender or blueberry and not beaver. Which is more similar in semantic meaning to beaver?,blender
beaver|blender|bucket,Answer using only one word - blender or bucket and not beaver. Which is more similar in semantic meaning to beaver?,bucket
beaver|blender|cannon,Answer using only one word - blender or cannon and not beaver. Which is more similar in semantic meaning to beaver?,blender
beaver|blender|caterpillar,Answer using only one word - blender or caterpillar and not beaver. Which is more similar in semantic meaning to beaver?,caterpillar
beaver|blender|clarinet,Answer using only one word - blender or clarinet and not beaver. Which is more similar in semantic meaning to beaver?,clarinet
beaver|blender|dragonfly,Answer using only one word - blender or dragonfly and not beaver. Which is more similar in semantic meaning to beaver?,blender
beaver|blender|file,Answer using only one word - blender or file and not beaver. Which is more similar in semantic meaning to beaver?,file
beaver|blender|missile,Answer using only one word - blender or missile and not beaver. Which is more similar in semantic meaning to beaver?,blender
beaver|blowtorch|bread,Answer using only one word - blowtorch or bread and not beaver. Which is more similar in semantic meaning to beaver?,bread
beaver|blowtorch|candle,Answer using only one word - blowtorch or candle and not beaver. Which is more similar in semantic meaning to beaver?,candle
beaver|blowtorch|cart,Answer using only one word - blowtorch or cart and not beaver. Which is more similar in semantic meaning to beaver?,cart
beaver|blowtorch|chinchilla,Answer using only one word - blowtorch or chinchilla and not beaver. Which is more similar in semantic meaning to beaver?,chinchilla
beaver|blowtorch|crow,Answer using only one word - blowtorch or crow and not beaver. Which is more similar in semantic meaning to beaver?,crow
beaver|blowtorch|eggbeater,Answer using only one word - blowtorch or eggbeater and not beaver. Which is more similar in semantic meaning to beaver?,blowtorch
beaver|blowtorch|grenade,Answer using only one word - blowtorch or grenade and not beaver. Which is more similar in semantic meaning to beaver?,blowtorch
beaver|blueberry|boar,Answer using only one word - blueberry or boar and not beaver. Which is more similar in semantic meaning to beaver?,boar
beaver|blueberry|cactus,Answer using only one word - blueberry or cactus and not beaver. Which is more similar in semantic meaning to beaver?,cactus
beaver|blueberry|carrot,Answer using only one word - blueberry or carrot and not beaver. Which is more similar in semantic meaning to beaver?,carrot
beaver|blueberry|chili,Answer using only one word - blueberry or chili and not beaver. Which is more similar in semantic meaning to beaver?,chili
beaver|blueberry|coconut,Answer using only one word - blueberry or coconut and not beaver. Which is more similar in semantic meaning to beaver?,coconut
beaver|blueberry|eagle,Answer using only one word - blueberry or eagle and not beaver. Which is more similar in semantic meaning to beaver?,eagle
beaver|blueberry|fly,Answer using only one word - blueberry or fly and not beaver. Which is more similar in semantic meaning to beaver?,fly
beaver|boa|boar,Answer using only one word - boa or boar and not beaver. Which is more similar in semantic meaning to beaver?,boar
beaver|boa|cactus,Answer using only one word - boa or cactus and not beaver. Which is more similar in semantic meaning to beaver?,cactus
beaver|boa|carrot,Answer using only one word - boa or carrot and not beaver. Which is more similar in semantic meaning to beaver?,carrot
beaver|boa|chili,Answer using only one word - boa or chili and not beaver. Which is more similar in semantic meaning to beaver?,chili
beaver|boa|coconut,Answer using only one word - boa or coconut and not beaver. Which is more similar in semantic meaning to beaver?,Coconut
beaver|boa|eagle,Answer using only one word - boa or eagle and not beaver. Which is more similar in semantic meaning to beaver?,boa
beaver|boa|fly,Answer using only one word - boa or fly and not beaver. Which is more similar in semantic meaning to beaver?,boa
beaver|boar|bread,Answer using only one word - boar or bread and not beaver. Which is more similar in semantic meaning to beaver?,boar
beaver|boar|candle,Answer using only one word - boar or candle and not beaver. Which is more similar in semantic meaning to beaver?,candle
beaver|boar|cart,Answer using only one word - boar or cart and not beaver. Which is more similar in semantic meaning to beaver?,cart
beaver|boar|chinchilla,Answer using only one word - boar or chinchilla and not beaver. Which is more similar in semantic meaning to beaver?,Chinchilla
beaver|boar|crow,Answer using only one word - boar or crow and not beaver. Which is more similar in semantic meaning to beaver?,boar
beaver|boar|eggbeater,Answer using only one word - boar or eggbeater and not beaver. Which is more similar in semantic meaning to beaver?,boar
beaver|boar|grenade,Answer using only one word - boar or grenade and not beaver. Which is more similar in semantic meaning to beaver?,boar
beaver|bread|bucket,Answer using only one word - bread or bucket and not beaver. Which is more similar in semantic meaning to beaver?,bucket
beaver|bread|cannon,Answer using only one word - bread or cannon and not beaver. Which is more similar in semantic meaning to beaver?,cannon
beaver|bread|caterpillar,Answer using only one word - bread or caterpillar and not beaver. Which is more similar in semantic meaning to beaver?,caterpillar
beaver|bread|clarinet,Answer using only one word - bread or clarinet and not beaver. Which is more similar in semantic meaning to beaver?,bread
beaver|bread|dragonfly,Answer using only one word - bread or dragonfly and not beaver. Which is more similar in semantic meaning to beaver?,bread
beaver|bread|file,Answer using only one word - bread or file and not beaver. Which is more similar in semantic meaning to beaver?,file
beaver|bread|missile,Answer using only one word - bread or missile and not beaver. Which is more similar in semantic meaning to beaver?,bread
beaver|brussels sprouts|candle,Answer using only one word - brussels sprouts or candle and not beaver. Which is more similar in semantic meaning to beaver?,candle
beaver|brussels sprouts|cart,Answer using only one word - brussels sprouts or cart and not beaver. Which is more similar in semantic meaning to beaver?,cart
beaver|brussels sprouts|chinchilla,Answer using only one word - brussels sprouts or chinchilla and not beaver. Which is more similar in semantic meaning to beaver?,chinchilla
beaver|brussels sprouts|crow,Answer using only one word - brussels sprouts or crow and not beaver. Which is more similar in semantic meaning to beaver?,crow
beaver|brussels sprouts|eggbeater,Answer using only one word - brussels sprouts or eggbeater and not beaver. Which is more similar in semantic meaning to beaver?,eggbeater
beaver|brussels sprouts|grenade,Answer using only one word - brussels sprouts or grenade and not beaver. Which is more similar in semantic meaning to beaver?,Grenade
beaver|bucket|cactus,Answer using only one word - bucket or cactus and not beaver. Which is more similar in semantic meaning to beaver?,bucket
beaver|bucket|carrot,Answer using only one word - bucket or carrot and not beaver. Which is more similar in semantic meaning to beaver?,bucket
beaver|bucket|chili,Answer using only one word - bucket or chili and not beaver. Which is more similar in semantic meaning to beaver?,bucket
beaver|bucket|coconut,Answer using only one word - bucket or coconut and not beaver. Which is more similar in semantic meaning to beaver?,bucket
beaver|bucket|eagle,Answer using only one word - bucket or eagle and not beaver. Which is more similar in semantic meaning to beaver?,bucket
beaver|bucket|fly,Answer using only one word - bucket or fly and not beaver. Which is more similar in semantic meaning to beaver?,bucket
beaver|burrito|cactus,Answer using only one word - burrito or cactus and not beaver. Which is more similar in semantic meaning to beaver?,cactus
beaver|burrito|carrot,Answer using only one word - burrito or carrot and not beaver. Which is more similar in semantic meaning to beaver?,carrot
beaver|burrito|chili,Answer using only one word - burrito or chili and not beaver. Which is more similar in semantic meaning to beaver?,chili
beaver|burrito|coconut,Answer using only one word - burrito or coconut and not beaver. Which is more similar in semantic meaning to beaver?,Coconut
beaver|burrito|eagle,Answer using only one word - burrito or eagle and not beaver. Which is more similar in semantic meaning to beaver?,eagle
beaver|burrito|fly,Answer using only one word - burrito or fly and not beaver. Which is more similar in semantic meaning to beaver?,burrito
beaver|cactus|candle,Answer using only one word - cactus or candle and not beaver. Which is more similar in semantic meaning to beaver?,cactus
beaver|cactus|cart,Answer using only one word - cactus or cart and not beaver. Which is more similar in semantic meaning to beaver?,cactus
beaver|cactus|chinchilla,Answer using only one word - cactus or chinchilla and not beaver. Which is more similar in semantic meaning to beaver?,Chinchilla
beaver|cactus|crow,Answer using only one word - cactus or crow and not beaver. Which is more similar in semantic meaning to beaver?,cactus
beaver|cactus|eggbeater,Answer using only one word - cactus or eggbeater and not beaver. Which is more similar in semantic meaning to beaver?,cactus
beaver|cactus|grenade,Answer using only one word - cactus or grenade and not beaver. Which is more similar in semantic meaning to beaver?,cactus
beaver|candle|cannon,Answer using only one word - candle or cannon and not beaver. Which is more similar in semantic meaning to beaver?,cannon
beaver|candle|caterpillar,Answer using only one word - candle or caterpillar and not beaver. Which is more similar in semantic meaning to beaver?,caterpillar
beaver|candle|clarinet,Answer using only one word - candle or clarinet and not beaver. Which is more similar in semantic meaning to beaver?,clarinet
beaver|candle|dragonfly,Answer using only one word - candle or dragonfly and not beaver. Which is more similar in semantic meaning to beaver?,candle
beaver|candle|file,Answer using only one word - candle or file and not beaver. Which is more similar in semantic meaning to beaver?,file
beaver|candle|missile,Answer using only one word - candle or missile and not beaver. Which is more similar in semantic meaning to beaver?,candle
beaver|candy|cart,Answer using only one word - candy or cart and not beaver. Which is more similar in semantic meaning to beaver?,candy
beaver|candy|chinchilla,Answer using only one word - candy or chinchilla and not beaver. Which is more similar in semantic meaning to beaver?,chinchilla
beaver|candy|crow,Answer using only one word - candy or crow and not beaver. Which is more similar in semantic meaning to beaver?,candy
beaver|candy|eggbeater,Answer using only one word - candy or eggbeater and not beaver. Which is more similar in semantic meaning to beaver?,eggbeater
beaver|candy|grenade,Answer using only one word - candy or grenade and not beaver. Which is more similar in semantic meaning to beaver?,candy
beaver|cannon|carrot,Answer using only one word - cannon or carrot and not beaver. Which is more similar in semantic meaning to beaver?,cannon
beaver|cannon|chili,Answer using only one word - cannon or chili and not beaver. Which is more similar in semantic meaning to beaver?,cannon
beaver|cannon|coconut,Answer using only one word - cannon or coconut and not beaver. Which is more similar in semantic meaning to beaver?,cannon
beaver|cannon|eagle,Answer using only one word - cannon or eagle and not beaver. Which is more similar in semantic meaning to beaver?,eagle
beaver|cannon|fly,Answer using only one word - cannon or fly and not beaver. Which is more similar in semantic meaning to beaver?,cannon
beaver|car|carrot,Answer using only one word - car or carrot and not beaver. Which is more similar in semantic meaning to beaver?,carrot
beaver|car|chili,Answer using only one word - car or chili and not beaver. Which is more similar in semantic meaning to beaver?,chili
beaver|car|coconut,Answer using only one word - car or coconut and not beaver. Which is more similar in semantic meaning to beaver?,coconut
beaver|car|eagle,Answer using only one word - car or eagle and not beaver. Which is more similar in semantic meaning to beaver?,eagle
beaver|car|fly,Answer using only one word - car or fly and not beaver. Which is more similar in semantic meaning to beaver?,car
beaver|carrot|cart,Answer using only one word - carrot or cart and not beaver. Which is more similar in semantic meaning to beaver?,carrot
beaver|carrot|chinchilla,Answer using only one word - carrot or chinchilla and not beaver. Which is more similar in semantic meaning to beaver?,chinchilla
beaver|carrot|crow,Answer using only one word - carrot or crow and not beaver. Which is more similar in semantic meaning to beaver?,carrot
beaver|carrot|eggbeater,Answer using only one word - carrot or eggbeater and not beaver. Which is more similar in semantic meaning to beaver?,carrot
beaver|carrot|grenade,Answer using only one word - carrot or grenade and not beaver. Which is more similar in semantic meaning to beaver?,carrot
beaver|cart|caterpillar,Answer using only one word - cart or caterpillar and not beaver. Which is more similar in semantic meaning to beaver?,caterpillar
beaver|cart|clarinet,Answer using only one word - cart or clarinet and not beaver. Which is more similar in semantic meaning to beaver?,clarinet
beaver|cart|dragonfly,Answer using only one word - cart or dragonfly and not beaver. Which is more similar in semantic meaning to beaver?,cart
beaver|cart|file,Answer using only one word - cart or file and not beaver. Which is more similar in semantic meaning to beaver?,file
beaver|cart|missile,Answer using only one word - cart or missile and not beaver. Which is more similar in semantic meaning to beaver?,cart
beaver|cat|chinchilla,Answer using only one word - cat or chinchilla and not beaver. Which is more similar in semantic meaning to beaver?,chinchilla
beaver|cat|crow,Answer using only one word - cat or crow and not beaver. Which is more similar in semantic meaning to beaver?,crow
beaver|cat|eggbeater,Answer using only one word - cat or eggbeater and not beaver. Which is more similar in semantic meaning to beaver?,cat
beaver|cat|grenade,Answer using only one word - cat or grenade and not beaver. Which is more similar in semantic meaning to beaver?,grenade
beaver|caterpillar|chili,Answer using only one word - caterpillar or chili and not beaver. Which is more similar in semantic meaning to beaver?,caterpillar
beaver|caterpillar|coconut,Answer using only one word - caterpillar or coconut and not beaver. Which is more similar in semantic meaning to beaver?,caterpillar
beaver|caterpillar|eagle,Answer using only one word - caterpillar or eagle and not beaver. Which is more similar in semantic meaning to beaver?,caterpillar
beaver|caterpillar|fly,Answer using only one word - caterpillar or fly and not beaver. Which is more similar in semantic meaning to beaver?,caterpillar
beaver|celery|chili,Answer using only one word - celery or chili and not beaver. Which is more similar in semantic meaning to beaver?,chili
beaver|celery|coconut,Answer using only one word - celery or coconut and not beaver. Which is more similar in semantic meaning to beaver?,Coconut
beaver|celery|eagle,Answer using only one word - celery or eagle and not beaver. Which is more similar in semantic meaning to beaver?,eagle
beaver|celery|fly,Answer using only one word - celery or fly and not beaver. Which is more similar in semantic meaning to beaver?,fly
beaver|chili|chinchilla,Answer using only one word - chili or chinchilla and not beaver. Which is more similar in semantic meaning to beaver?,Chinchilla
beaver|chili|crow,Answer using only one word - chili or crow and not beaver. Which is more similar in semantic meaning to beaver?,chili
beaver|chili|eggbeater,Answer using only one word - chili or eggbeater and not beaver. Which is more similar in semantic meaning to beaver?,chili
beaver|chili|grenade,Answer using only one word - chili or grenade and not beaver. Which is more similar in semantic meaning to beaver?,chili
beaver|chinchilla|clarinet,Answer using only one word - chinchilla or clarinet and not beaver. Which is more similar in semantic meaning to beaver?,clarinet
beaver|chinchilla|dragonfly,Answer using only one word - chinchilla or dragonfly and not beaver. Which is more similar in semantic meaning to beaver?,chinchilla
beaver|chinchilla|file,Answer using only one word - chinchilla or file and not beaver. Which is more similar in semantic meaning to beaver?,file
beaver|chinchilla|missile,Answer using only one word - chinchilla or missile and not beaver. Which is more similar in semantic meaning to beaver?,chinchilla
beaver|chisel|crow,Answer using only one word - chisel or crow and not beaver. Which is more similar in semantic meaning to beaver?,chisel
beaver|chisel|eggbeater,Answer using only one word - chisel or eggbeater and not beaver. Which is more similar in semantic meaning to beaver?,Chisel
beaver|chisel|grenade,Answer using only one word - chisel or grenade and not beaver. Which is more similar in semantic meaning to beaver?,chisel
beaver|clarinet|coconut,Answer using only one word - clarinet or coconut and not beaver. Which is more similar in semantic meaning to beaver?,coconut
beaver|clarinet|eagle,Answer using only one word - clarinet or eagle and not beaver. Which is more similar in semantic meaning to beaver?,eagle
beaver|clarinet|fly,Answer using only one word - clarinet or fly and not beaver. Which is more similar in semantic meaning to beaver?,clarinet
beaver|coat|coconut,Answer using only one word - coat or coconut and not beaver. Which is more similar in semantic meaning to beaver?,coat
beaver|coat|eagle,Answer using only one word - coat or eagle and not beaver. Which is more similar in semantic meaning to beaver?,coat
beaver|coat|fly,Answer using only one word - coat or fly and not beaver. Which is more similar in semantic meaning to beaver?,coat
beaver|coconut|crow,Answer using only one word - coconut or crow and not beaver. Which is more similar in semantic meaning to beaver?,coconut
beaver|coconut|eggbeater,Answer using only one word - coconut or eggbeater and not beaver. Which is more similar in semantic meaning to beaver?,eggbeater
beaver|coconut|grenade,Answer using only one word - coconut or grenade and not beaver. Which is more similar in semantic meaning to beaver?,coconut
beaver|crow|dragonfly,Answer using only one word - crow or dragonfly and not beaver. Which is more similar in semantic meaning to beaver?,crow
beaver|crow|file,Answer using only one word - crow or file and not beaver. Which is more similar in semantic meaning to beaver?,file
beaver|crow|missile,Answer using only one word - crow or missile and not beaver. Which is more similar in semantic meaning to beaver?,missile
beaver|crowbar|eggbeater,Answer using only one word - crowbar or eggbeater and not beaver. Which is more similar in semantic meaning to beaver?,crowbar
beaver|crowbar|grenade,Answer using only one word - crowbar or grenade and not beaver. Which is more similar in semantic meaning to beaver?,crowbar
beaver|dragonfly|eagle,Answer using only one word - dragonfly or eagle and not beaver. Which is more similar in semantic meaning to beaver?,eagle
beaver|dragonfly|fly,Answer using only one word - dragonfly or fly and not beaver. Which is more similar in semantic meaning to beaver?,fly
beaver|dress|eagle,Answer using only one word - dress or eagle and not beaver. Which is more similar in semantic meaning to beaver?,dress
beaver|dress|fly,Answer using only one word - dress or fly and not beaver. Which is more similar in semantic meaning to beaver?,dress
beaver|eagle|eggbeater,Answer using only one word - eagle or eggbeater and not beaver. Which is more similar in semantic meaning to beaver?,eagle
beaver|eagle|grenade,Answer using only one word - eagle or grenade and not beaver. Which is more similar in semantic meaning to beaver?,eagle
beaver|eggbeater|file,Answer using only one word - eggbeater or file and not beaver. Which is more similar in semantic meaning to beaver?,eggbeater
beaver|eggbeater|missile,Answer using only one word - eggbeater or missile and not beaver. Which is more similar in semantic meaning to beaver?,missile
beaver|fig|grenade,Answer using only one word - fig or grenade and not beaver. Which is more similar in semantic meaning to beaver?,fig
beaver|file|fly,Answer using only one word - file or fly and not beaver. Which is more similar in semantic meaning to beaver?,file
beaver|flute|fly,Answer using only one word - flute or fly and not beaver. Which is more similar in semantic meaning to beaver?,fly
beaver|fly|grenade,Answer using only one word - fly or grenade and not beaver. Which is more similar in semantic meaning to beaver?,grenade
beaver|grenade|missile,Answer using only one word - grenade or missile and not beaver. Which is more similar in semantic meaning to beaver?,missile
bed|beet|beetle,Answer using only one word - beet or beetle and not bed. Which is more similar in semantic meaning to bed?,beetle
bed|beet|blowtorch,Answer using only one word - beet or blowtorch and not bed. Which is more similar in semantic meaning to bed?,beet
bed|beet|brussels sprouts,Answer using only one word - beet or brussels sprouts and not bed. Which is more similar in semantic meaning to bed?,brussels
bed|beet|candy,Answer using only one word - beet or candy and not bed. Which is more similar in semantic meaning to bed?,candy
bed|beet|cat,Answer using only one word - beet or cat and not bed. Which is more similar in semantic meaning to bed?,beet
bed|beet|chisel,Answer using only one word - beet or chisel and not bed. Which is more similar in semantic meaning to bed?,chisel
bed|beet|crowbar,Answer using only one word - beet or crowbar and not bed. Which is more similar in semantic meaning to bed?,beet
bed|beet|fig,Answer using only one word - beet or fig and not bed. Which is more similar in semantic meaning to bed?,fig
bed|beet|jeans,Answer using only one word - beet or jeans and not bed. Which is more similar in semantic meaning to bed?,jeans
bed|beetle|bird,Answer using only one word - beetle or bird and not bed. Which is more similar in semantic meaning to bed?,bird
bed|beetle|boar,Answer using only one word - beetle or boar and not bed. Which is more similar in semantic meaning to bed?,boar
bed|beetle|cactus,Answer using only one word - beetle or cactus and not bed. Which is more similar in semantic meaning to bed?,cactus
bed|beetle|carrot,Answer using only one word - beetle or carrot and not bed. Which is more similar in semantic meaning to bed?,carrot
bed|beetle|chili,Answer using only one word - beetle or chili and not bed. Which is more similar in semantic meaning to bed?,chili
bed|beetle|coconut,Answer using only one word - beetle or coconut and not bed. Which is more similar in semantic meaning to bed?,coconut
bed|beetle|eagle,Answer using only one word - beetle or eagle and not bed. Which is more similar in semantic meaning to bed?,beetle
bed|beetle|fly,Answer using only one word - beetle or fly and not bed. Which is more similar in semantic meaning to bed?,beetle
bed|bell|belt,Answer using only one word - bell or belt and not bed. Which is more similar in semantic meaning to bed?,bell
bed|bell|boa,Answer using only one word - bell or boa and not bed. Which is more similar in semantic meaning to bed?,boa
bed|bell|burrito,Answer using only one word - bell or burrito and not bed. Which is more similar in semantic meaning to bed?,burrito
bed|bell|car,Answer using only one word - bell or car and not bed. Which is more similar in semantic meaning to bed?,bell
bed|bell|celery,Answer using only one word - bell or celery and not bed. Which is more similar in semantic meaning to bed?,celery
bed|bell|coat,Answer using only one word - bell or coat and not bed. Which is more similar in semantic meaning to bed?,coat
bed|bell|dress,Answer using only one word - bell or dress and not bed. Which is more similar in semantic meaning to bed?,dress
bed|bell|flute,Answer using only one word - bell or flute and not bed. Which is more similar in semantic meaning to bed?,flute
bed|bell|motorcycle,Answer using only one word - bell or motorcycle and not bed. Which is more similar in semantic meaning to bed?,bell
bed|belt|boa,Answer using only one word - belt or boa and not bed. Which is more similar in semantic meaning to bed?,boa
bed|belt|burrito,Answer using only one word - belt or burrito and not bed. Which is more similar in semantic meaning to bed?,burrito
bed|belt|car,Answer using only one word - belt or car and not bed. Which is more similar in semantic meaning to bed?,belt
bed|belt|celery,Answer using only one word - belt or celery and not bed. Which is more similar in semantic meaning to bed?,celery
bed|belt|coat,Answer using only one word - belt or coat and not bed. Which is more similar in semantic meaning to bed?,coat
bed|belt|dress,Answer using only one word - belt or dress and not bed. Which is more similar in semantic meaning to bed?,dress
bed|belt|flute,Answer using only one word - belt or flute and not bed. Which is more similar in semantic meaning to bed?,flute
bed|belt|motorcycle,Answer using only one word - belt or motorcycle and not bed. Which is more similar in semantic meaning to bed?,belt
bed|bird|boar,Answer using only one word - bird or boar and not bed. Which is more similar in semantic meaning to bed?,bird
bed|bird|cactus,Answer using only one word - bird or cactus and not bed. Which is more similar in semantic meaning to bed?,cactus
bed|bird|carrot,Answer using only one word - bird or carrot and not bed. Which is more similar in semantic meaning to bed?,carrot
bed|bird|chili,Answer using only one word - bird or chili and not bed. Which is more similar in semantic meaning to bed?,chili
bed|bird|coconut,Answer using only one word - bird or coconut and not bed. Which is more similar in semantic meaning to bed?,coconut
bed|bird|eagle,Answer using only one word - bird or eagle and not bed. Which is more similar in semantic meaning to bed?,bird
bed|bird|fly,Answer using only one word - bird or fly and not bed. Which is more similar in semantic meaning to bed?,fly
bed|blender|blowtorch,Answer using only one word - blender or blowtorch and not bed. Which is more similar in semantic meaning to bed?,blender
bed|blender|brussels sprouts,Answer using only one word - blender or brussels sprouts and not bed. Which is more similar in semantic meaning to bed?,brussels
bed|blender|candy,Answer using only one word - blender or candy and not bed. Which is more similar in semantic meaning to bed?,candy
bed|blender|cat,Answer using only one word - blender or cat and not bed. Which is more similar in semantic meaning to bed?,cat
bed|blender|chisel,Answer using only one word - blender or chisel and not bed. Which is more similar in semantic meaning to bed?,blender
bed|blender|crowbar,Answer using only one word - blender or crowbar and not bed. Which is more similar in semantic meaning to bed?,blender
bed|blender|fig,Answer using only one word - blender or fig and not bed. Which is more similar in semantic meaning to bed?,fig
bed|blender|jeans,Answer using only one word - blender or jeans and not bed. Which is more similar in semantic meaning to bed?,blender
bed|blowtorch|boar,Answer using only one word - blowtorch or boar and not bed. Which is more similar in semantic meaning to bed?,boar
bed|blowtorch|cactus,Answer using only one word - blowtorch or cactus and not bed. Which is more similar in semantic meaning to bed?,cactus
bed|blowtorch|carrot,Answer using only one word - blowtorch or carrot and not bed. Which is more similar in semantic meaning to bed?,carrot
bed|blowtorch|chili,Answer using only one word - blowtorch or chili and not bed. Which is more similar in semantic meaning to bed?,chili
bed|blowtorch|coconut,Answer using only one word - blowtorch or coconut and not bed. Which is more similar in semantic meaning to bed?,coconut
bed|blowtorch|eagle,Answer using only one word - blowtorch or eagle and not bed. Which is more similar in semantic meaning to bed?,eagle
bed|blowtorch|fly,Answer using only one word - blowtorch or fly and not bed. Which is more similar in semantic meaning to bed?,fly
bed|blueberry|boa,Answer using only one word - blueberry or boa and not bed. Which is more similar in semantic meaning to bed?,boa
bed|blueberry|burrito,Answer using only one word - blueberry or burrito and not bed. Which is more similar in semantic meaning to bed?,burrito
bed|blueberry|car,Answer using only one word - blueberry or car and not bed. Which is more similar in semantic meaning to bed?,car
bed|blueberry|celery,Answer using only one word - blueberry or celery and not bed. Which is more similar in semantic meaning to bed?,celery
bed|blueberry|coat,Answer using only one word - blueberry or coat and not bed. Which is more similar in semantic meaning to bed?,coat
bed|blueberry|dress,Answer using only one word - blueberry or dress and not bed. Which is more similar in semantic meaning to bed?,dress
bed|blueberry|flute,Answer using only one word - blueberry or flute and not bed. Which is more similar in semantic meaning to bed?,flute
bed|blueberry|motorcycle,Answer using only one word - blueberry or motorcycle and not bed. Which is more similar in semantic meaning to bed?,blueberry
bed|boa|burrito,Answer using only one word - boa or burrito and not bed. Which is more similar in semantic meaning to bed?,boa
bed|boa|car,Answer using only one word - boa or car and not bed. Which is more similar in semantic meaning to bed?,boa
bed|boa|celery,Answer using only one word - boa or celery and not bed. Which is more similar in semantic meaning to bed?,celery
bed|boa|coat,Answer using only one word - boa or coat and not bed. Which is more similar in semantic meaning to bed?,coat
bed|boa|dress,Answer using only one word - boa or dress and not bed. Which is more similar in semantic meaning to bed?,dress
bed|boa|flute,Answer using only one word - boa or flute and not bed. Which is more similar in semantic meaning to bed?,boa
bed|boa|motorcycle,Answer using only one word - boa or motorcycle and not bed. Which is more similar in semantic meaning to bed?,boa
bed|boar|cactus,Answer using only one word - boar or cactus and not bed. Which is more similar in semantic meaning to bed?,cactus
bed|boar|carrot,Answer using only one word - boar or carrot and not bed. Which is more similar in semantic meaning to bed?,carrot
bed|boar|chili,Answer using only one word - boar or chili and not bed. Which is more similar in semantic meaning to bed?,chili
bed|boar|coconut,Answer using only one word - boar or coconut and not bed. Which is more similar in semantic meaning to bed?,coconut
bed|boar|eagle,Answer using only one word - boar or eagle and not bed. Which is more similar in semantic meaning to bed?,eagle
bed|boar|fly,Answer using only one word - boar or fly and not bed. Which is more similar in semantic meaning to bed?,fly
bed|bread|brussels sprouts,Answer using only one word - bread or brussels sprouts and not bed. Which is more similar in semantic meaning to bed?,brussels
bed|bread|candy,Answer using only one word - bread or candy and not bed. Which is more similar in semantic meaning to bed?,bread
bed|bread|cat,Answer using only one word - bread or cat and not bed. Which is more similar in semantic meaning to bed?,bread
bed|bread|chisel,Answer using only one word - bread or chisel and not bed. Which is more similar in semantic meaning to bed?,bread
bed|bread|crowbar,Answer using only one word - bread or crowbar and not bed. Which is more similar in semantic meaning to bed?,bread
bed|bread|fig,Answer using only one word - bread or fig and not bed. Which is more similar in semantic meaning to bed?,fig
bed|bread|jeans,Answer using only one word - bread or jeans and not bed. Which is more similar in semantic meaning to bed?,bread
bed|brussels sprouts|cactus,Answer using only one word - brussels sprouts or cactus and not bed. Which is more similar in semantic meaning to bed?,brussels
bed|brussels sprouts|carrot,Answer using only one word - brussels sprouts or carrot and not bed. Which is more similar in semantic meaning to bed?,brussels
bed|brussels sprouts|chili,Answer using only one word - brussels sprouts or chili and not bed. Which is more similar in semantic meaning to bed?,brussels
bed|brussels sprouts|coconut,Answer using only one word - brussels sprouts or coconut and not bed. Which is more similar in semantic meaning to bed?,Coconut
bed|brussels sprouts|eagle,Answer using only one word - brussels sprouts or eagle and not bed. Which is more similar in semantic meaning to bed?,brussels sprouts
bed|brussels sprouts|fly,Answer using only one word - brussels sprouts or fly and not bed. Which is more similar in semantic meaning to bed?,brussels
bed|bucket|burrito,Answer using only one word - bucket or burrito and not bed. Which is more similar in semantic meaning to bed?,bucket
bed|bucket|car,Answer using only one word - bucket or car and not bed. Which is more similar in semantic meaning to bed?,bucket
bed|bucket|celery,Answer using only one word - bucket or celery and not bed. Which is more similar in semantic meaning to bed?,bucket
bed|bucket|coat,Answer using only one word - bucket or coat and not bed. Which is more similar in semantic meaning to bed?,coat
bed|bucket|dress,Answer using only one word - bucket or dress and not bed. Which is more similar in semantic meaning to bed?,dress
bed|bucket|flute,Answer using only one word - bucket or flute and not bed. Which is more similar in semantic meaning to bed?,bucket
bed|bucket|motorcycle,Answer using only one word - bucket or motorcycle and not bed. Which is more similar in semantic meaning to bed?,bucket
bed|burrito|car,Answer using only one word - burrito or car and not bed. Which is more similar in semantic meaning to bed?,burrito
bed|burrito|celery,Answer using only one word - burrito or celery and not bed. Which is more similar in semantic meaning to bed?,burrito
bed|burrito|coat,Answer using only one word - burrito or coat and not bed. Which is more similar in semantic meaning to bed?,coat
bed|burrito|dress,Answer using only one word - burrito or dress and not bed. Which is more similar in semantic meaning to bed?,dress
bed|burrito|flute,Answer using only one word - burrito or flute and not bed. Which is more similar in semantic meaning to bed?,burrito
bed|burrito|motorcycle,Answer using only one word - burrito or motorcycle and not bed. Which is more similar in semantic meaning to bed?,burrito
bed|cactus|carrot,Answer using only one word - cactus or carrot and not bed. Which is more similar in semantic meaning to bed?,cactus
bed|cactus|chili,Answer using only one word - cactus or chili and not bed. Which is more similar in semantic meaning to bed?,cactus
bed|cactus|coconut,Answer using only one word - cactus or coconut and not bed. Which is more similar in semantic meaning to bed?,cactus
bed|cactus|eagle,Answer using only one word - cactus or eagle and not bed. Which is more similar in semantic meaning to bed?,cactus
bed|cactus|fly,Answer using only one word - cactus or fly and not bed. Which is more similar in semantic meaning to bed?,cactus
bed|candle|candy,Answer using only one word - candle or candy and not bed. Which is more similar in semantic meaning to bed?,candle
bed|candle|cat,Answer using only one word - candle or cat and not bed. Which is more similar in semantic meaning to bed?,candle
bed|candle|chisel,Answer using only one word - candle or chisel and not bed. Which is more similar in semantic meaning to bed?,candle
bed|candle|crowbar,Answer using only one word - candle or crowbar and not bed. Which is more similar in semantic meaning to bed?,candle
bed|candle|fig,Answer using only one word - candle or fig and not bed. Which is more similar in semantic meaning to bed?,fig
bed|candle|jeans,Answer using only one word - candle or jeans and not bed. Which is more similar in semantic meaning to bed?,candle
bed|candy|carrot,Answer using only one word - candy or carrot and not bed. Which is more similar in semantic meaning to bed?,carrot
bed|candy|chili,Answer using only one word - candy or chili and not bed. Which is more similar in semantic meaning to bed?,candy
bed|candy|coconut,Answer using only one word - candy or coconut and not bed. Which is more similar in semantic meaning to bed?,candy
bed|candy|eagle,Answer using only one word - candy or eagle and not bed. Which is more similar in semantic meaning to bed?,candy
bed|candy|fly,Answer using only one word - candy or fly and not bed. Which is more similar in semantic meaning to bed?,fly
bed|cannon|car,Answer using only one word - cannon or car and not bed. Which is more similar in semantic meaning to bed?,cannon
bed|cannon|celery,Answer using only one word - cannon or celery and not bed. Which is more similar in semantic meaning to bed?,cannon
bed|cannon|coat,Answer using only one word - cannon or coat and not bed. Which is more similar in semantic meaning to bed?,coat
bed|cannon|dress,Answer using only one word - cannon or dress and not bed. Which is more similar in semantic meaning to bed?,cannon
bed|cannon|flute,Answer using only one word - cannon or flute and not bed. Which is more similar in semantic meaning to bed?,cannon
bed|cannon|motorcycle,Answer using only one word - cannon or motorcycle and not bed. Which is more similar in semantic meaning to bed?,cannon
bed|car|celery,Answer using only one word - car or celery and not bed. Which is more similar in semantic meaning to bed?,celery
bed|car|coat,Answer using only one word - car or coat and not bed. Which is more similar in semantic meaning to bed?,coat
bed|car|dress,Answer using only one word - car or dress and not bed. Which is more similar in semantic meaning to bed?,dress
bed|car|flute,Answer using only one word - car or flute and not bed. Which is more similar in semantic meaning to bed?,car
bed|car|motorcycle,Answer using only one word - car or motorcycle and not bed. Which is more similar in semantic meaning to bed?,car
bed|carrot|chili,Answer using only one word - carrot or chili and not bed. Which is more similar in semantic meaning to bed?,carrot
bed|carrot|coconut,Answer using only one word - carrot or coconut and not bed. Which is more similar in semantic meaning to bed?,carrot
bed|carrot|eagle,Answer using only one word - carrot or eagle and not bed. Which is more similar in semantic meaning to bed?,carrot
bed|carrot|fly,Answer using only one word - carrot or fly and not bed. Which is more similar in semantic meaning to bed?,carrot
bed|cart|cat,Answer using only one word - cart or cat and not bed. Which is more similar in semantic meaning to bed?,cart
bed|cart|chisel,Answer using only one word - cart or chisel and not bed. Which is more similar in semantic meaning to bed?,chisel
bed|cart|crowbar,Answer using only one word - cart or crowbar and not bed. Which is more similar in semantic meaning to bed?,cart
bed|cart|fig,Answer using only one word - cart or fig and not bed. Which is more similar in semantic meaning to bed?,fig
bed|cart|jeans,Answer using only one word - cart or jeans and not bed. Which is more similar in semantic meaning to bed?,jeans
bed|cat|chili,Answer using only one word - cat or chili and not bed. Which is more similar in semantic meaning to bed?,chili
bed|cat|coconut,Answer using only one word - cat or coconut and not bed. Which is more similar in semantic meaning to bed?,coconut
bed|cat|eagle,Answer using only one word - cat or eagle and not bed. Which is more similar in semantic meaning to bed?,eagle
bed|cat|fly,Answer using only one word - cat or fly and not bed. Which is more similar in semantic meaning to bed?,fly
bed|caterpillar|celery,Answer using only one word - caterpillar or celery and not bed. Which is more similar in semantic meaning to bed?,celery
bed|caterpillar|coat,Answer using only one word - caterpillar or coat and not bed. Which is more similar in semantic meaning to bed?,coat
bed|caterpillar|dress,Answer using only one word - caterpillar or dress and not bed. Which is more similar in semantic meaning to bed?,dress
bed|caterpillar|flute,Answer using only one word - caterpillar or flute and not bed. Which is more similar in semantic meaning to bed?,caterpillar
bed|caterpillar|motorcycle,Answer using only one word - caterpillar or motorcycle and not bed. Which is more similar in semantic meaning to bed?,caterpillar
bed|celery|coat,Answer using only one word - celery or coat and not bed. Which is more similar in semantic meaning to bed?,celery
bed|celery|dress,Answer using only one word - celery or dress and not bed. Which is more similar in semantic meaning to bed?,dress
bed|celery|flute,Answer using only one word - celery or flute and not bed. Which is more similar in semantic meaning to bed?,celery
bed|celery|motorcycle,Answer using only one word - celery or motorcycle and not bed. Which is more similar in semantic meaning to bed?,celery
bed|chili|coconut,Answer using only one word - chili or coconut and not bed. Which is more similar in semantic meaning to bed?,coconut
bed|chili|eagle,Answer using only one word - chili or eagle and not bed. Which is more similar in semantic meaning to bed?,chili
bed|chili|fly,Answer using only one word - chili or fly and not bed. Which is more similar in semantic meaning to bed?,chili
bed|chinchilla|chisel,Answer using only one word - chinchilla or chisel and not bed. Which is more similar in semantic meaning to bed?,chinchilla
bed|chinchilla|crowbar,Answer using only one word - chinchilla or crowbar and not bed. Which is more similar in semantic meaning to bed?,chinchilla
bed|chinchilla|fig,Answer using only one word - chinchilla or fig and not bed. Which is more similar in semantic meaning to bed?,fig
bed|chinchilla|jeans,Answer using only one word - chinchilla or jeans and not bed. Which is more similar in semantic meaning to bed?,jeans
bed|chisel|coconut,Answer using only one word - chisel or coconut and not bed. Which is more similar in semantic meaning to bed?,Coconut
bed|chisel|eagle,Answer using only one word - chisel or eagle and not bed. Which is more similar in semantic meaning to bed?,chisel
bed|chisel|fly,Answer using only one word - chisel or fly and not bed. Which is more similar in semantic meaning to bed?,chisel
bed|clarinet|coat,Answer using only one word - clarinet or coat and not bed. Which is more similar in semantic meaning to bed?,coat
bed|clarinet|dress,Answer using only one word - clarinet or dress and not bed. Which is more similar in semantic meaning to bed?,dress
bed|clarinet|flute,Answer using only one word - clarinet or flute and not bed. Which is more similar in semantic meaning to bed?,flute
bed|clarinet|motorcycle,Answer using only one word - clarinet or motorcycle and not bed. Which is more similar in semantic meaning to bed?,clarinet
bed|coat|dress,Answer using only one word - coat or dress and not bed. Which is more similar in semantic meaning to bed?,coat
bed|coat|flute,Answer using only one word - coat or flute and not bed. Which is more similar in semantic meaning to bed?,coat
bed|coat|motorcycle,Answer using only one word - coat or motorcycle and not bed. Which is more similar in semantic meaning to bed?,coat
bed|coconut|eagle,Answer using only one word - coconut or eagle and not bed. Which is more similar in semantic meaning to bed?,coconut
bed|coconut|fly,Answer using only one word - coconut or fly and not bed. Which is more similar in semantic meaning to bed?,Coconut
bed|crow|crowbar,Answer using only one word - crow or crowbar and not bed. Which is more similar in semantic meaning to bed?,crowbar
bed|crow|fig,Answer using only one word - crow or fig and not bed. Which is more similar in semantic meaning to bed?,fig
bed|crow|jeans,Answer using only one word - crow or jeans and not bed. Which is more similar in semantic meaning to bed?,crow
bed|crowbar|eagle,Answer using only one word - crowbar or eagle and not bed. Which is more similar in semantic meaning to bed?,crowbar
bed|crowbar|fly,Answer using only one word - crowbar or fly and not bed. Which is more similar in semantic meaning to bed?,fly
bed|dragonfly|dress,Answer using only one word - dragonfly or dress and not bed. Which is more similar in semantic meaning to bed?,dress
bed|dragonfly|flute,Answer using only one word - dragonfly or flute and not bed. Which is more similar in semantic meaning to bed?,flute
bed|dragonfly|motorcycle,Answer using only one word - dragonfly or motorcycle and not bed. Which is more similar in semantic meaning to bed?,dragonfly
bed|dress|flute,Answer using only one word - dress or flute and not bed. Which is more similar in semantic meaning to bed?,dress
bed|dress|motorcycle,Answer using only one word - dress or motorcycle and not bed. Which is more similar in semantic meaning to bed?,dress
bed|eagle|fly,Answer using only one word - eagle or fly and not bed. Which is more similar in semantic meaning to bed?,fly
bed|eggbeater|fig,Answer using only one word - eggbeater or fig and not bed. Which is more similar in semantic meaning to bed?,fig
bed|eggbeater|jeans,Answer using only one word - eggbeater or jeans and not bed. Which is more similar in semantic meaning to bed?,eggbeater
bed|fig|fly,Answer using only one word - fig or fly and not bed. Which is more similar in semantic meaning to bed?,fig
bed|file|flute,Answer using only one word - file or flute and not bed. Which is more similar in semantic meaning to bed?,file
bed|file|motorcycle,Answer using only one word - file or motorcycle and not bed. Which is more similar in semantic meaning to bed?,file
bed|flute|motorcycle,Answer using only one word - flute or motorcycle and not bed. Which is more similar in semantic meaning to bed?,flute
bed|grenade|jeans,Answer using only one word - grenade or jeans and not bed. Which is more similar in semantic meaning to bed?,jeans
bed|missile|motorcycle,Answer using only one word - missile or motorcycle and not bed. Which is more similar in semantic meaning to bed?,missile
beet|beetle|blowtorch,Answer using only one word - beetle or blowtorch and not beet. Which is more similar in semantic meaning to beet?,beetle
beet|beetle|brussels sprouts,Answer using only one word - beetle or brussels sprouts and not beet. Which is more similar in semantic meaning to beet?,Brussels
beet|beetle|candy,Answer using only one word - beetle or candy and not beet. Which is more similar in semantic meaning to beet?,candy
beet|beetle|cat,Answer using only one word - beetle or cat and not beet. Which is more similar in semantic meaning to beet?,beetle
beet|beetle|chisel,Answer using only one word - beetle or chisel and not beet. Which is more similar in semantic meaning to beet?,beetle
beet|beetle|crowbar,Answer using only one word - beetle or crowbar and not beet. Which is more similar in semantic meaning to beet?,beetle
beet|beetle|fig,Answer using only one word - beetle or fig and not beet. Which is more similar in semantic meaning to beet?,fig
beet|beetle|jeans,Answer using only one word - beetle or jeans and not beet. Which is more similar in semantic meaning to beet?,beetle
beet|bell|blender,Answer using only one word - bell or blender and not beet. Which is more similar in semantic meaning to beet?,bell
beet|bell|bread,Answer using only one word - bell or bread and not beet. Which is more similar in semantic meaning to beet?,bell
beet|bell|candle,Answer using only one word - bell or candle and not beet. Which is more similar in semantic meaning to beet?,candle
beet|bell|cart,Answer using only one word - bell or cart and not beet. Which is more similar in semantic meaning to beet?,cart
beet|bell|chinchilla,Answer using only one word - bell or chinchilla and not beet. Which is more similar in semantic meaning to beet?,bell
beet|bell|crow,Answer using only one word - bell or crow and not beet. Which is more similar in semantic meaning to beet?,crow
beet|bell|eggbeater,Answer using only one word - bell or eggbeater and not beet. Which is more similar in semantic meaning to beet?,bell
beet|bell|grenade,Answer using only one word - bell or grenade and not beet. Which is more similar in semantic meaning to beet?,bell
beet|belt|blender,Answer using only one word - belt or blender and not beet. Which is more similar in semantic meaning to beet?,belt
beet|belt|bread,Answer using only one word - belt or bread and not beet. Which is more similar in semantic meaning to beet?,bread
beet|belt|candle,Answer using only one word - belt or candle and not beet. Which is more similar in semantic meaning to beet?,candle
beet|belt|cart,Answer using only one word - belt or cart and not beet. Which is more similar in semantic meaning to beet?,belt
beet|belt|chinchilla,Answer using only one word - belt or chinchilla and not beet. Which is more similar in semantic meaning to beet?,belt
beet|belt|crow,Answer using only one word - belt or crow and not beet. Which is more similar in semantic meaning to beet?,crow
beet|belt|eggbeater,Answer using only one word - belt or eggbeater and not beet. Which is more similar in semantic meaning to beet?,belt
beet|belt|grenade,Answer using only one word - belt or grenade and not beet. Which is more similar in semantic meaning to beet?,belt
beet|bird|blowtorch,Answer using only one word - bird or blowtorch and not beet. Which is more similar in semantic meaning to beet?,bird
beet|bird|brussels sprouts,Answer using only one word - bird or brussels sprouts and not beet. Which is more similar in semantic meaning to beet?,brussels
beet|bird|candy,Answer using only one word - bird or candy and not beet. Which is more similar in semantic meaning to beet?,bird
beet|bird|cat,Answer using only one word - bird or cat and not beet. Which is more similar in semantic meaning to beet?,bird
beet|bird|chisel,Answer using only one word - bird or chisel and not beet. Which is more similar in semantic meaning to beet?,bird
beet|bird|crowbar,Answer using only one word - bird or crowbar and not beet. Which is more similar in semantic meaning to beet?,bird
beet|bird|fig,Answer using only one word - bird or fig and not beet. Which is more similar in semantic meaning to beet?,fig
beet|bird|jeans,Answer using only one word - bird or jeans and not beet. Which is more similar in semantic meaning to beet?,bird
beet|blender|boa,Answer using only one word - blender or boa and not beet. Which is more similar in semantic meaning to beet?,blender
beet|blender|burrito,Answer using only one word - blender or burrito and not beet. Which is more similar in semantic meaning to beet?,blender
beet|blender|car,Answer using only one word - blender or car and not beet. Which is more similar in semantic meaning to beet?,blender
beet|blender|celery,Answer using only one word - blender or celery and not beet. Which is more similar in semantic meaning to beet?,celery
beet|blender|coat,Answer using only one word - blender or coat and not beet. Which is more similar in semantic meaning to beet?,blender
beet|blender|dress,Answer using only one word - blender or dress and not beet. Which is more similar in semantic meaning to beet?,blender
beet|blender|flute,Answer using only one word - blender or flute and not beet. Which is more similar in semantic meaning to beet?,Flute
beet|blender|motorcycle,Answer using only one word - blender or motorcycle and not beet. Which is more similar in semantic meaning to beet?,blender
beet|blowtorch|brussels sprouts,Answer using only one word - blowtorch or brussels sprouts and not beet. Which is more similar in semantic meaning to beet?,Brussels
beet|blowtorch|candy,Answer using only one word - blowtorch or candy and not beet. Which is more similar in semantic meaning to beet?,candy
beet|blowtorch|cat,Answer using only one word - blowtorch or cat and not beet. Which is more similar in semantic meaning to beet?,cat
beet|blowtorch|chisel,Answer using only one word - blowtorch or chisel and not beet. Which is more similar in semantic meaning to beet?,chisel
beet|blowtorch|crowbar,Answer using only one word - blowtorch or crowbar and not beet. Which is more similar in semantic meaning to beet?,Crowbar
beet|blowtorch|fig,Answer using only one word - blowtorch or fig and not beet. Which is more similar in semantic meaning to beet?,fig
beet|blowtorch|jeans,Answer using only one word - blowtorch or jeans and not beet. Which is more similar in semantic meaning to beet?,blowtorch
beet|blueberry|bread,Answer using only one word - blueberry or bread and not beet. Which is more similar in semantic meaning to beet?,bread
beet|blueberry|candle,Answer using only one word - blueberry or candle and not beet. Which is more similar in semantic meaning to beet?,candle
beet|blueberry|cart,Answer using only one word - blueberry or cart and not beet. Which is more similar in semantic meaning to beet?,blueberry
beet|blueberry|chinchilla,Answer using only one word - blueberry or chinchilla and not beet. Which is more similar in semantic meaning to beet?,blueberry
beet|blueberry|crow,Answer using only one word - blueberry or crow and not beet. Which is more similar in semantic meaning to beet?,crow
beet|blueberry|eggbeater,Answer using only one word - blueberry or eggbeater and not beet. Which is more similar in semantic meaning to beet?,eggbeater
beet|blueberry|grenade,Answer using only one word - blueberry or grenade and not beet. Which is more similar in semantic meaning to beet?,blueberry
beet|boa|bread,Answer using only one word - boa or bread and not beet. Which is more similar in semantic meaning to beet?,bread
beet|boa|candle,Answer using only one word - boa or candle and not beet. Which is more similar in semantic meaning to beet?,candle
beet|boa|cart,Answer using only one word - boa or cart and not beet. Which is more similar in semantic meaning to beet?,Boa
beet|boa|chinchilla,Answer using only one word - boa or chinchilla and not beet. Which is more similar in semantic meaning to beet?,Chinchilla
beet|boa|crow,Answer using only one word - boa or crow and not beet. Which is more similar in semantic meaning to beet?,crow
beet|boa|eggbeater,Answer using only one word - boa or eggbeater and not beet. Which is more similar in semantic meaning to beet?,Boa
beet|boa|grenade,Answer using only one word - boa or grenade and not beet. Which is more similar in semantic meaning to beet?,boa
beet|boar|brussels sprouts,Answer using only one word - boar or brussels sprouts and not beet. Which is more similar in semantic meaning to beet?,Brussels
beet|boar|candy,Answer using only one word - boar or candy and not beet. Which is more similar in semantic meaning to beet?,candy
beet|boar|cat,Answer using only one word - boar or cat and not beet. Which is more similar in semantic meaning to beet?,boar
beet|boar|chisel,Answer using only one word - boar or chisel and not beet. Which is more similar in semantic meaning to beet?,chisel
beet|boar|crowbar,Answer using only one word - boar or crowbar and not beet. Which is more similar in semantic meaning to beet?,Boar
beet|boar|fig,Answer using only one word - boar or fig and not beet. Which is more similar in semantic meaning to beet?,fig
beet|boar|jeans,Answer using only one word - boar or jeans and not beet. Which is more similar in semantic meaning to beet?,boar
beet|bread|burrito,Answer using only one word - bread or burrito and not beet. Which is more similar in semantic meaning to beet?,bread
beet|bread|car,Answer using only one word - bread or car and not beet. Which is more similar in semantic meaning to beet?,bread
beet|bread|celery,Answer using only one word - bread or celery and not beet. Which is more similar in semantic meaning to beet?,celery
beet|bread|coat,Answer using only one word - bread or coat and not beet. Which is more similar in semantic meaning to beet?,bread
beet|bread|dress,Answer using only one word - bread or dress and not beet. Which is more similar in semantic meaning to beet?,bread
beet|bread|flute,Answer using only one word - bread or flute and not beet. Which is more similar in semantic meaning to beet?,bread
beet|bread|motorcycle,Answer using only one word - bread or motorcycle and not beet. Which is more similar in semantic meaning to beet?,bread
beet|brussels sprouts|candy,Answer using only one word - brussels sprouts or candy and not beet. Which is more similar in semantic meaning to beet?,Brussels
beet|brussels sprouts|cat,Answer using only one word - brussels sprouts or cat and not beet. Which is more similar in semantic meaning to beet?,brussels
beet|brussels sprouts|chisel,Answer using only one word - brussels sprouts or chisel and not beet. Which is more similar in semantic meaning to beet?,brussels
beet|brussels sprouts|crowbar,Answer using only one word - brussels sprouts or crowbar and not beet. Which is more similar in semantic meaning to beet?,brussels sprouts
beet|brussels sprouts|fig,Answer using only one word - brussels sprouts or fig and not beet. Which is more similar in semantic meaning to beet?,fig
beet|brussels sprouts|jeans,Answer using only one word - brussels sprouts or jeans and not beet. Which is more similar in semantic meaning to beet?,Brussels
beet|bucket|candle,Answer using only one word - bucket or candle and not beet. Which is more similar in semantic meaning to beet?,candle
beet|bucket|cart,Answer using only one word - bucket or cart and not beet. Which is more similar in semantic meaning to beet?,bucket
beet|bucket|chinchilla,Answer using only one word - bucket or chinchilla and not beet. Which is more similar in semantic meaning to beet?,chinchilla
beet|bucket|crow,Answer using only one word - bucket or crow and not beet. Which is more similar in semantic meaning to beet?,crow
beet|bucket|eggbeater,Answer using only one word - bucket or eggbeater and not beet. Which is more similar in semantic meaning to beet?,bucket
beet|bucket|grenade,Answer using only one word - bucket or grenade and not beet. Which is more similar in semantic meaning to beet?,bucket
beet|burrito|candle,Answer using only one word - burrito or candle and not beet. Which is more similar in semantic meaning to beet?,burrito
beet|burrito|cart,Answer using only one word - burrito or cart and not beet. Which is more similar in semantic meaning to beet?,burrito
beet|burrito|chinchilla,Answer using only one word - burrito or chinchilla and not beet. Which is more similar in semantic meaning to beet?,burrito
beet|burrito|crow,Answer using only one word - burrito or crow and not beet. Which is more similar in semantic meaning to beet?,crow
beet|burrito|eggbeater,Answer using only one word - burrito or eggbeater and not beet. Which is more similar in semantic meaning to beet?,burrito
beet|burrito|grenade,Answer using only one word - burrito or grenade and not beet. Which is more similar in semantic meaning to beet?,burrito
beet|cactus|candy,Answer using only one word - cactus or candy and not beet. Which is more similar in semantic meaning to beet?,cactus
beet|cactus|cat,Answer using only one word - cactus or cat and not beet. Which is more similar in semantic meaning to beet?,cactus
beet|cactus|chisel,Answer using only one word - cactus or chisel and not beet. Which is more similar in semantic meaning to beet?,cactus
beet|cactus|crowbar,Answer using only one word - cactus or crowbar and not beet. Which is more similar in semantic meaning to beet?,cactus
beet|cactus|fig,Answer using only one word - cactus or fig and not beet. Which is more similar in semantic meaning to beet?,fig
beet|cactus|jeans,Answer using only one word - cactus or jeans and not beet. Which is more similar in semantic meaning to beet?,cactus
beet|candle|car,Answer using only one word - candle or car and not beet. Which is more similar in semantic meaning to beet?,candle
beet|candle|celery,Answer using only one word - candle or celery and not beet. Which is more similar in semantic meaning to beet?,celery
beet|candle|coat,Answer using only one word - candle or coat and not beet. Which is more similar in semantic meaning to beet?,candle
beet|candle|dress,Answer using only one word - candle or dress and not beet. Which is more similar in semantic meaning to beet?,Dress
beet|candle|flute,Answer using only one word - candle or flute and not beet. Which is more similar in semantic meaning to beet?,candle
beet|candle|motorcycle,Answer using only one word - candle or motorcycle and not beet. Which is more similar in semantic meaning to beet?,candle
beet|candy|cat,Answer using only one word - candy or cat and not beet. Which is more similar in semantic meaning to beet?,candy
beet|candy|chisel,Answer using only one word - candy or chisel and not beet. Which is more similar in semantic meaning to beet?,candy
beet|candy|crowbar,Answer using only one word - candy or crowbar and not beet. Which is more similar in semantic meaning to beet?,candy
beet|candy|fig,Answer using only one word - candy or fig and not beet. Which is more similar in semantic meaning to beet?,fig
beet|candy|jeans,Answer using only one word - candy or jeans and not beet. Which is more similar in semantic meaning to beet?,candy
beet|cannon|cart,Answer using only one word - cannon or cart and not beet. Which is more similar in semantic meaning to beet?,cart
beet|cannon|chinchilla,Answer using only one word - cannon or chinchilla and not beet. Which is more similar in semantic meaning to beet?,chinchilla
beet|cannon|crow,Answer using only one word - cannon or crow and not beet. Which is more similar in semantic meaning to beet?,cannon
beet|cannon|eggbeater,Answer using only one word - cannon or eggbeater and not beet. Which is more similar in semantic meaning to beet?,cannon
beet|cannon|grenade,Answer using only one word - cannon or grenade and not beet. Which is more similar in semantic meaning to beet?,cannon
beet|car|cart,Answer using only one word - car or cart and not beet. Which is more similar in semantic meaning to beet?,cart
beet|car|chinchilla,Answer using only one word - car or chinchilla and not beet. Which is more similar in semantic meaning to beet?,chinchilla
beet|car|crow,Answer using only one word - car or crow and not beet. Which is more similar in semantic meaning to beet?,car
beet|car|eggbeater,Answer using only one word - car or eggbeater and not beet. Which is more similar in semantic meaning to beet?,car
beet|car|grenade,Answer using only one word - car or grenade and not beet. Which is more similar in semantic meaning to beet?,car
beet|carrot|cat,Answer using only one word - carrot or cat and not beet. Which is more similar in semantic meaning to beet?,carrot
beet|carrot|chisel,Answer using only one word - carrot or chisel and not beet. Which is more similar in semantic meaning to beet?,carrot
beet|carrot|crowbar,Answer using only one word - carrot or crowbar and not beet. Which is more similar in semantic meaning to beet?,carrot
beet|carrot|fig,Answer using only one word - carrot or fig and not beet. Which is more similar in semantic meaning to beet?,carrot
beet|carrot|jeans,Answer using only one word - carrot or jeans and not beet. Which is more similar in semantic meaning to beet?,carrot
beet|cart|celery,Answer using only one word - cart or celery and not beet. Which is more similar in semantic meaning to beet?,celery
beet|cart|coat,Answer using only one word - cart or coat and not beet. Which is more similar in semantic meaning to beet?,coat
beet|cart|dress,Answer using only one word - cart or dress and not beet. Which is more similar in semantic meaning to beet?,Dress
beet|cart|flute,Answer using only one word - cart or flute and not beet. Which is more similar in semantic meaning to beet?,Flute
beet|cart|motorcycle,Answer using only one word - cart or motorcycle and not beet. Which is more similar in semantic meaning to beet?,cart
beet|cat|chisel,Answer using only one word - cat or chisel and not beet. Which is more similar in semantic meaning to beet?,chisel
beet|cat|crowbar,Answer using only one word - cat or crowbar and not beet. Which is more similar in semantic meaning to beet?,cat
beet|cat|fig,Answer using only one word - cat or fig and not beet. Which is more similar in semantic meaning to beet?,fig
beet|cat|jeans,Answer using only one word - cat or jeans and not beet. Which is more similar in semantic meaning to beet?,jeans
beet|caterpillar|chinchilla,Answer using only one word - caterpillar or chinchilla and not beet. Which is more similar in semantic meaning to beet?,caterpillar
beet|caterpillar|crow,Answer using only one word - caterpillar or crow and not beet. Which is more similar in semantic meaning to beet?,caterpillar
beet|caterpillar|eggbeater,Answer using only one word - caterpillar or eggbeater and not beet. Which is more similar in semantic meaning to beet?,caterpillar
beet|caterpillar|grenade,Answer using only one word - caterpillar or grenade and not beet. Which is more similar in semantic meaning to beet?,caterpillar
beet|celery|chinchilla,Answer using only one word - celery or chinchilla and not beet. Which is more similar in semantic meaning to beet?,celery
beet|celery|crow,Answer using only one word - celery or crow and not beet. Which is more similar in semantic meaning to beet?,celery
beet|celery|eggbeater,Answer using only one word - celery or eggbeater and not beet. Which is more similar in semantic meaning to beet?,celery
beet|celery|grenade,Answer using only one word - celery or grenade and not beet. Which is more similar in semantic meaning to beet?,celery
beet|chili|chisel,Answer using only one word - chili or chisel and not beet. Which is more similar in semantic meaning to beet?,chili
beet|chili|crowbar,Answer using only one word - chili or crowbar and not beet. Which is more similar in semantic meaning to beet?,chili
beet|chili|fig,Answer using only one word - chili or fig and not beet. Which is more similar in semantic meaning to beet?,fig
beet|chili|jeans,Answer using only one word - chili or jeans and not beet. Which is more similar in semantic meaning to beet?,chili
beet|chinchilla|coat,Answer using only one word - chinchilla or coat and not beet. Which is more similar in semantic meaning to beet?,coat
beet|chinchilla|dress,Answer using only one word - chinchilla or dress and not beet. Which is more similar in semantic meaning to beet?,dress
beet|chinchilla|flute,Answer using only one word - chinchilla or flute and not beet. Which is more similar in semantic meaning to beet?,Chinchilla
beet|chinchilla|motorcycle,Answer using only one word - chinchilla or motorcycle and not beet. Which is more similar in semantic meaning to beet?,Chinchilla
beet|chisel|crowbar,Answer using only one word - chisel or crowbar and not beet. Which is more similar in semantic meaning to beet?,Crowbar
beet|chisel|fig,Answer using only one word - chisel or fig and not beet. Which is more similar in semantic meaning to beet?,fig
beet|chisel|jeans,Answer using only one word - chisel or jeans and not beet. Which is more similar in semantic meaning to beet?,Chisel
beet|clarinet|crow,Answer using only one word - clarinet or crow and not beet. Which is more similar in semantic meaning to beet?,Crow
beet|clarinet|eggbeater,Answer using only one word - clarinet or eggbeater and not beet. Which is more similar in semantic meaning to beet?,Eggbeater
beet|clarinet|grenade,Answer using only one word - clarinet or grenade and not beet. Which is more similar in semantic meaning to beet?,Clarinet
beet|coat|crow,Answer using only one word - coat or crow and not beet. Which is more similar in semantic meaning to beet?,coat
beet|coat|eggbeater,Answer using only one word - coat or eggbeater and not beet. Which is more similar in semantic meaning to beet?,coat
beet|coat|grenade,Answer using only one word - coat or grenade and not beet. Which is more similar in semantic meaning to beet?,coat
beet|coconut|crowbar,Answer using only one word - coconut or crowbar and not beet. Which is more similar in semantic meaning to beet?,coconut
beet|coconut|fig,Answer using only one word - coconut or fig and not beet. Which is more similar in semantic meaning to beet?,fig
beet|coconut|jeans,Answer using only one word - coconut or jeans and not beet. Which is more similar in semantic meaning to beet?,coconut
beet|crow|dress,Answer using only one word - crow or dress and not beet. Which is more similar in semantic meaning to beet?,crow
beet|crow|flute,Answer using only one word - crow or flute and not beet. Which is more similar in semantic meaning to beet?,crow
beet|crow|motorcycle,Answer using only one word - crow or motorcycle and not beet. Which is more similar in semantic meaning to beet?,crow
beet|crowbar|fig,Answer using only one word - crowbar or fig and not beet. Which is more similar in semantic meaning to beet?,fig
beet|crowbar|jeans,Answer using only one word - crowbar or jeans and not beet. Which is more similar in semantic meaning to beet?,crowbar
beet|dragonfly|eggbeater,Answer using only one word - dragonfly or eggbeater and not beet. Which is more similar in semantic meaning to beet?,eggbeater
beet|dragonfly|grenade,Answer using only one word - dragonfly or grenade and not beet. Which is more similar in semantic meaning to beet?,dragonfly
beet|dress|eggbeater,Answer using only one word - dress or eggbeater and not beet. Which is more similar in semantic meaning to beet?,dress
beet|dress|grenade,Answer using only one word - dress or grenade and not beet. Which is more similar in semantic meaning to beet?,dress
beet|eagle|fig,Answer using only one word - eagle or fig and not beet. Which is more similar in semantic meaning to beet?,fig
beet|eagle|jeans,Answer using only one word - eagle or jeans and not beet. Which is more similar in semantic meaning to beet?,eagle
beet|eggbeater|flute,Answer using only one word - eggbeater or flute and not beet. Which is more similar in semantic meaning to beet?,Flute
beet|eggbeater|motorcycle,Answer using only one word - eggbeater or motorcycle and not beet. Which is more similar in semantic meaning to beet?,Eggbeater
beet|fig|jeans,Answer using only one word - fig or jeans and not beet. Which is more similar in semantic meaning to beet?,fig
beet|file|grenade,Answer using only one word - file or grenade and not beet. Which is more similar in semantic meaning to beet?,file
beet|flute|grenade,Answer using only one word - flute or grenade and not beet. Which is more similar in semantic meaning to beet?,flute
beet|fly|jeans,Answer using only one word - fly or jeans and not beet. Which is more similar in semantic meaning to beet?,fly
beet|grenade|motorcycle,Answer using only one word - grenade or motorcycle and not beet. Which is more similar in semantic meaning to beet?,Grenade
beetle|bell|bird,Answer using only one word - bell or bird and not beetle. Which is more similar in semantic meaning to beetle?,bird
beetle|bell|boar,Answer using only one word - bell or boar and not beetle. Which is more similar in semantic meaning to beetle?,boar
beetle|bell|cactus,Answer using only one word - bell or cactus and not beetle. Which is more similar in semantic meaning to beetle?,cactus
beetle|bell|carrot,Answer using only one word - bell or carrot and not beetle. Which is more similar in semantic meaning to beetle?,carrot
beetle|bell|chili,Answer using only one word - bell or chili and not beetle. Which is more similar in semantic meaning to beetle?,chili
beetle|bell|coconut,Answer using only one word - bell or coconut and not beetle. Which is more similar in semantic meaning to beetle?,coconut
beetle|bell|eagle,Answer using only one word - bell or eagle and not beetle. Which is more similar in semantic meaning to beetle?,eagle
beetle|bell|fly,Answer using only one word - bell or fly and not beetle. Which is more similar in semantic meaning to beetle?,fly
beetle|belt|bird,Answer using only one word - belt or bird and not beetle. Which is more similar in semantic meaning to beetle?,bird
beetle|belt|boar,Answer using only one word - belt or boar and not beetle. Which is more similar in semantic meaning to beetle?,boar
beetle|belt|cactus,Answer using only one word - belt or cactus and not beetle. Which is more similar in semantic meaning to beetle?,cactus
beetle|belt|carrot,Answer using only one word - belt or carrot and not beetle. Which is more similar in semantic meaning to beetle?,carrot
beetle|belt|chili,Answer using only one word - belt or chili and not beetle. Which is more similar in semantic meaning to beetle?,belt
beetle|belt|coconut,Answer using only one word - belt or coconut and not beetle. Which is more similar in semantic meaning to beetle?,belt
beetle|belt|eagle,Answer using only one word - belt or eagle and not beetle. Which is more similar in semantic meaning to beetle?,belt
beetle|belt|fly,Answer using only one word - belt or fly and not beetle. Which is more similar in semantic meaning to beetle?,fly
beetle|bird|blender,Answer using only one word - bird or blender and not beetle. Which is more similar in semantic meaning to beetle?,bird
beetle|bird|bread,Answer using only one word - bird or bread and not beetle. Which is more similar in semantic meaning to beetle?,bird
beetle|bird|candle,Answer using only one word - bird or candle and not beetle. Which is more similar in semantic meaning to beetle?,bird
beetle|bird|cart,Answer using only one word - bird or cart and not beetle. Which is more similar in semantic meaning to beetle?,cart
beetle|bird|chinchilla,Answer using only one word - bird or chinchilla and not beetle. Which is more similar in semantic meaning to beetle?,chinchilla
beetle|bird|crow,Answer using only one word - bird or crow and not beetle. Which is more similar in semantic meaning to beetle?,bird
beetle|bird|eggbeater,Answer using only one word - bird or eggbeater and not beetle. Which is more similar in semantic meaning to beetle?,bird
beetle|bird|grenade,Answer using only one word - bird or grenade and not beetle. Which is more similar in semantic meaning to beetle?,bird
beetle|blender|blueberry,Answer using only one word - blender or blueberry and not beetle. Which is more similar in semantic meaning to beetle?,blender
beetle|blender|bucket,Answer using only one word - blender or bucket and not beetle. Which is more similar in semantic meaning to beetle?,bucket
beetle|blender|cannon,Answer using only one word - blender or cannon and not beetle. Which is more similar in semantic meaning to beetle?,blender
beetle|blender|caterpillar,Answer using only one word - blender or caterpillar and not beetle. Which is more similar in semantic meaning to beetle?,caterpillar
beetle|blender|clarinet,Answer using only one word - blender or clarinet and not beetle. Which is more similar in semantic meaning to beetle?,Clarinet
beetle|blender|dragonfly,Answer using only one word - blender or dragonfly and not beetle. Which is more similar in semantic meaning to beetle?,dragonfly
beetle|blender|file,Answer using only one word - blender or file and not beetle. Which is more similar in semantic meaning to beetle?,file
beetle|blender|missile,Answer using only one word - blender or missile and not beetle. Which is more similar in semantic meaning to beetle?,blender
beetle|blowtorch|bread,Answer using only one word - blowtorch or bread and not beetle. Which is more similar in semantic meaning to beetle?,blowtorch
beetle|blowtorch|candle,Answer using only one word - blowtorch or candle and not beetle. Which is more similar in semantic meaning to beetle?,Candle
beetle|blowtorch|cart,Answer using only one word - blowtorch or cart and not beetle. Which is more similar in semantic meaning to beetle?,cart
beetle|blowtorch|chinchilla,Answer using only one word - blowtorch or chinchilla and not beetle. Which is more similar in semantic meaning to beetle?,Chinchilla
beetle|blowtorch|crow,Answer using only one word - blowtorch or crow and not beetle. Which is more similar in semantic meaning to beetle?,crow
beetle|blowtorch|eggbeater,Answer using only one word - blowtorch or eggbeater and not beetle. Which is more similar in semantic meaning to beetle?,Eggbeater
beetle|blowtorch|grenade,Answer using only one word - blowtorch or grenade and not beetle. Which is more similar in semantic meaning to beetle?,Grenade
beetle|blueberry|boar,Answer using only one word - blueberry or boar and not beetle. Which is more similar in semantic meaning to beetle?,boar
beetle|blueberry|cactus,Answer using only one word - blueberry or cactus and not beetle. Which is more similar in semantic meaning to beetle?,cactus
beetle|blueberry|carrot,Answer using only one word - blueberry or carrot and not beetle. Which is more similar in semantic meaning to beetle?,carrot
beetle|blueberry|chili,Answer using only one word - blueberry or chili and not beetle. Which is more similar in semantic meaning to beetle?,chili
beetle|blueberry|coconut,Answer using only one word - blueberry or coconut and not beetle. Which is more similar in semantic meaning to beetle?,Coconut
beetle|blueberry|eagle,Answer using only one word - blueberry or eagle and not beetle. Which is more similar in semantic meaning to beetle?,Eagle
beetle|blueberry|fly,Answer using only one word - blueberry or fly and not beetle. Which is more similar in semantic meaning to beetle?,fly
beetle|boa|boar,Answer using only one word - boa or boar and not beetle. Which is more similar in semantic meaning to beetle?,Boa
beetle|boa|cactus,Answer using only one word - boa or cactus and not beetle. Which is more similar in semantic meaning to beetle?,cactus
beetle|boa|carrot,Answer using only one word - boa or carrot and not beetle. Which is more similar in semantic meaning to beetle?,Carrot
beetle|boa|chili,Answer using only one word - boa or chili and not beetle. Which is more similar in semantic meaning to beetle?,Chili
beetle|boa|coconut,Answer using only one word - boa or coconut and not beetle. Which is more similar in semantic meaning to beetle?,Coconut
beetle|boa|eagle,Answer using only one word - boa or eagle and not beetle. Which is more similar in semantic meaning to beetle?,boa
beetle|boa|fly,Answer using only one word - boa or fly and not beetle. Which is more similar in semantic meaning to beetle?,fly
beetle|boar|bread,Answer using only one word - boar or bread and not beetle. Which is more similar in semantic meaning to beetle?,boar
beetle|boar|candle,Answer using only one word - boar or candle and not beetle. Which is more similar in semantic meaning to beetle?,Boar
beetle|boar|cart,Answer using only one word - boar or cart and not beetle. Which is more similar in semantic meaning to beetle?,Boar
beetle|boar|chinchilla,Answer using only one word - boar or chinchilla and not beetle. Which is more similar in semantic meaning to beetle?,Boar
beetle|boar|crow,Answer using only one word - boar or crow and not beetle. Which is more similar in semantic meaning to beetle?,Crow
beetle|boar|eggbeater,Answer using only one word - boar or eggbeater and not beetle. Which is more similar in semantic meaning to beetle?,Boar
beetle|boar|grenade,Answer using only one word - boar or grenade and not beetle. Which is more similar in semantic meaning to beetle?,boar
beetle|bread|bucket,Answer using only one word - bread or bucket and not beetle. Which is more similar in semantic meaning to beetle?,bucket
beetle|bread|cannon,Answer using only one word - bread or cannon and not beetle. Which is more similar in semantic meaning to beetle?,cannon
beetle|bread|caterpillar,Answer using only one word - bread or caterpillar and not beetle. Which is more similar in semantic meaning to beetle?,caterpillar
beetle|bread|clarinet,Answer using only one word - bread or clarinet and not beetle. Which is more similar in semantic meaning to beetle?,bread
beetle|bread|dragonfly,Answer using only one word - bread or dragonfly and not beetle. Which is more similar in semantic meaning to beetle?,dragonfly
beetle|bread|file,Answer using only one word - bread or file and not beetle. Which is more similar in semantic meaning to beetle?,file
beetle|bread|missile,Answer using only one word - bread or missile and not beetle. Which is more similar in semantic meaning to beetle?,bread
beetle|brussels sprouts|candle,Answer using only one word - brussels sprouts or candle and not beetle. Which is more similar in semantic meaning to beetle?,Candle
beetle|brussels sprouts|cart,Answer using only one word - brussels sprouts or cart and not beetle. Which is more similar in semantic meaning to beetle?,cart
beetle|brussels sprouts|chinchilla,Answer using only one word - brussels sprouts or chinchilla and not beetle. Which is more similar in semantic meaning to beetle?,Chinchilla
beetle|brussels sprouts|crow,Answer using only one word - brussels sprouts or crow and not beetle. Which is more similar in semantic meaning to beetle?,Crow
beetle|brussels sprouts|eggbeater,Answer using only one word - brussels sprouts or eggbeater and not beetle. Which is more similar in semantic meaning to beetle?,Eggbeater
beetle|brussels sprouts|grenade,Answer using only one word - brussels sprouts or grenade and not beetle. Which is more similar in semantic meaning to beetle?,Grenade
beetle|bucket|cactus,Answer using only one word - bucket or cactus and not beetle. Which is more similar in semantic meaning to beetle?,cactus
beetle|bucket|carrot,Answer using only one word - bucket or carrot and not beetle. Which is more similar in semantic meaning to beetle?,carrot
beetle|bucket|chili,Answer using only one word - bucket or chili and not beetle. Which is more similar in semantic meaning to beetle?,chili
beetle|bucket|coconut,Answer using only one word - bucket or coconut and not beetle. Which is more similar in semantic meaning to beetle?,coconut
beetle|bucket|eagle,Answer using only one word - bucket or eagle and not beetle. Which is more similar in semantic meaning to beetle?,Eagle
beetle|bucket|fly,Answer using only one word - bucket or fly and not beetle. Which is more similar in semantic meaning to beetle?,fly
beetle|burrito|cactus,Answer using only one word - burrito or cactus and not beetle. Which is more similar in semantic meaning to beetle?,cactus
beetle|burrito|carrot,Answer using only one word - burrito or carrot and not beetle. Which is more similar in semantic meaning to beetle?,carrot
beetle|burrito|chili,Answer using only one word - burrito or chili and not beetle. Which is more similar in semantic meaning to beetle?,chili
beetle|burrito|coconut,Answer using only one word - burrito or coconut and not beetle. Which is more similar in semantic meaning to beetle?,Coconut
beetle|burrito|eagle,Answer using only one word - burrito or eagle and not beetle. Which is more similar in semantic meaning to beetle?,Eagle
beetle|burrito|fly,Answer using only one word - burrito or fly and not beetle. Which is more similar in semantic meaning to beetle?,fly
beetle|cactus|candle,Answer using only one word - cactus or candle and not beetle. Which is more similar in semantic meaning to beetle?,cactus
beetle|cactus|cart,Answer using only one word - cactus or cart and not beetle. Which is more similar in semantic meaning to beetle?,cactus
beetle|cactus|chinchilla,Answer using only one word - cactus or chinchilla and not beetle. Which is more similar in semantic meaning to beetle?,cactus
beetle|cactus|crow,Answer using only one word - cactus or crow and not beetle. Which is more similar in semantic meaning to beetle?,cactus
beetle|cactus|eggbeater,Answer using only one word - cactus or eggbeater and not beetle. Which is more similar in semantic meaning to beetle?,cactus
beetle|cactus|grenade,Answer using only one word - cactus or grenade and not beetle. Which is more similar in semantic meaning to beetle?,cactus
beetle|candle|cannon,Answer using only one word - candle or cannon and not beetle. Which is more similar in semantic meaning to beetle?,cannon
beetle|candle|caterpillar,Answer using only one word - candle or caterpillar and not beetle. Which is more similar in semantic meaning to beetle?,caterpillar
beetle|candle|clarinet,Answer using only one word - candle or clarinet and not beetle. Which is more similar in semantic meaning to beetle?,Candle
beetle|candle|dragonfly,Answer using only one word - candle or dragonfly and not beetle. Which is more similar in semantic meaning to beetle?,dragonfly
beetle|candle|file,Answer using only one word - candle or file and not beetle. Which is more similar in semantic meaning to beetle?,File
beetle|candle|missile,Answer using only one word - candle or missile and not beetle. Which is more similar in semantic meaning to beetle?,candle
beetle|candy|cart,Answer using only one word - candy or cart and not beetle. Which is more similar in semantic meaning to beetle?,cart
beetle|candy|chinchilla,Answer using only one word - candy or chinchilla and not beetle. Which is more similar in semantic meaning to beetle?,Chinchilla
beetle|candy|crow,Answer using only one word - candy or crow and not beetle. Which is more similar in semantic meaning to beetle?,Crow
beetle|candy|eggbeater,Answer using only one word - candy or eggbeater and not beetle. Which is more similar in semantic meaning to beetle?,eggbeater
beetle|candy|grenade,Answer using only one word - candy or grenade and not beetle. Which is more similar in semantic meaning to beetle?,candy
beetle|cannon|carrot,Answer using only one word - cannon or carrot and not beetle. Which is more similar in semantic meaning to beetle?,cannon
beetle|cannon|chili,Answer using only one word - cannon or chili and not beetle. Which is more similar in semantic meaning to beetle?,Cannon
beetle|cannon|coconut,Answer using only one word - cannon or coconut and not beetle. Which is more similar in semantic meaning to beetle?,cannon
beetle|cannon|eagle,Answer using only one word - cannon or eagle and not beetle. Which is more similar in semantic meaning to beetle?,Eagle
beetle|cannon|fly,Answer using only one word - cannon or fly and not beetle. Which is more similar in semantic meaning to beetle?,Cannon
beetle|car|carrot,Answer using only one word - car or carrot and not beetle. Which is more similar in semantic meaning to beetle?,car
beetle|car|chili,Answer using only one word - car or chili and not beetle. Which is more similar in semantic meaning to beetle?,car
beetle|car|coconut,Answer using only one word - car or coconut and not beetle. Which is more similar in semantic meaning to beetle?,car
beetle|car|eagle,Answer using only one word - car or eagle and not beetle. Which is more similar in semantic meaning to beetle?,car
beetle|car|fly,Answer using only one word - car or fly and not beetle. Which is more similar in semantic meaning to beetle?,car
beetle|carrot|cart,Answer using only one word - carrot or cart and not beetle. Which is more similar in semantic meaning to beetle?,carrot
beetle|carrot|chinchilla,Answer using only one word - carrot or chinchilla and not beetle. Which is more similar in semantic meaning to beetle?,chinchilla
beetle|carrot|crow,Answer using only one word - carrot or crow and not beetle. Which is more similar in semantic meaning to beetle?,crow
beetle|carrot|eggbeater,Answer using only one word - carrot or eggbeater and not beetle. Which is more similar in semantic meaning to beetle?,Carrot
beetle|carrot|grenade,Answer using only one word - carrot or grenade and not beetle. Which is more similar in semantic meaning to beetle?,carrot
beetle|cart|caterpillar,Answer using only one word - cart or caterpillar and not beetle. Which is more similar in semantic meaning to beetle?,Caterpillar
beetle|cart|clarinet,Answer using only one word - cart or clarinet and not beetle. Which is more similar in semantic meaning to beetle?,Clarinet
beetle|cart|dragonfly,Answer using only one word - cart or dragonfly and not beetle. Which is more similar in semantic meaning to beetle?,Dragonfly
beetle|cart|file,Answer using only one word - cart or file and not beetle. Which is more similar in semantic meaning to beetle?,File
beetle|cart|missile,Answer using only one word - cart or missile and not beetle. Which is more similar in semantic meaning to beetle?,Cart
beetle|cat|chinchilla,Answer using only one word - cat or chinchilla and not beetle. Which is more similar in semantic meaning to beetle?,chinchilla
beetle|cat|crow,Answer using only one word - cat or crow and not beetle. Which is more similar in semantic meaning to beetle?,crow
beetle|cat|eggbeater,Answer using only one word - cat or eggbeater and not beetle. Which is more similar in semantic meaning to beetle?,eggbeater
beetle|cat|grenade,Answer using only one word - cat or grenade and not beetle. Which is more similar in semantic meaning to beetle?,cat
beetle|caterpillar|chili,Answer using only one word - caterpillar or chili and not beetle. Which is more similar in semantic meaning to beetle?,caterpillar
beetle|caterpillar|coconut,Answer using only one word - caterpillar or coconut and not beetle. Which is more similar in semantic meaning to beetle?,caterpillar
beetle|caterpillar|eagle,Answer using only one word - caterpillar or eagle and not beetle. Which is more similar in semantic meaning to beetle?,caterpillar
beetle|caterpillar|fly,Answer using only one word - caterpillar or fly and not beetle. Which is more similar in semantic meaning to beetle?,caterpillar
beetle|celery|chili,Answer using only one word - celery or chili and not beetle. Which is more similar in semantic meaning to beetle?,Chili
beetle|celery|coconut,Answer using only one word - celery or coconut and not beetle. Which is more similar in semantic meaning to beetle?,Coconut
beetle|celery|eagle,Answer using only one word - celery or eagle and not beetle. Which is more similar in semantic meaning to beetle?,Eagle
beetle|celery|fly,Answer using only one word - celery or fly and not beetle. Which is more similar in semantic meaning to beetle?,Fly
beetle|chili|chinchilla,Answer using only one word - chili or chinchilla and not beetle. Which is more similar in semantic meaning to beetle?,Chinchilla
beetle|chili|crow,Answer using only one word - chili or crow and not beetle. Which is more similar in semantic meaning to beetle?,crow
beetle|chili|eggbeater,Answer using only one word - chili or eggbeater and not beetle. Which is more similar in semantic meaning to beetle?,Chili
beetle|chili|grenade,Answer using only one word - chili or grenade and not beetle. Which is more similar in semantic meaning to beetle?,chili
beetle|chinchilla|clarinet,Answer using only one word - chinchilla or clarinet and not beetle. Which is more similar in semantic meaning to beetle?,Chinchilla
beetle|chinchilla|dragonfly,Answer using only one word - chinchilla or dragonfly and not beetle. Which is more similar in semantic meaning to beetle?,Chinchilla
beetle|chinchilla|file,Answer using only one word - chinchilla or file and not beetle. Which is more similar in semantic meaning to beetle?,File
beetle|chinchilla|missile,Answer using only one word - chinchilla or missile and not beetle. Which is more similar in semantic meaning to beetle?,Chinchilla
beetle|chisel|crow,Answer using only one word - chisel or crow and not beetle. Which is more similar in semantic meaning to beetle?,Chisel
beetle|chisel|eggbeater,Answer using only one word - chisel or eggbeater and not beetle. Which is more similar in semantic meaning to beetle?,Chisel
beetle|chisel|grenade,Answer using only one word - chisel or grenade and not beetle. Which is more similar in semantic meaning to beetle?,Chisel
beetle|clarinet|coconut,Answer using only one word - clarinet or coconut and not beetle. Which is more similar in semantic meaning to beetle?,coconut
beetle|clarinet|eagle,Answer using only one word - clarinet or eagle and not beetle. Which is more similar in semantic meaning to beetle?,Eagle
beetle|clarinet|fly,Answer using only one word - clarinet or fly and not beetle. Which is more similar in semantic meaning to beetle?,Fly
beetle|coat|coconut,Answer using only one word - coat or coconut and not beetle. Which is more similar in semantic meaning to beetle?,Coconut
beetle|coat|eagle,Answer using only one word - coat or eagle and not beetle. Which is more similar in semantic meaning to beetle?,coat
beetle|coat|fly,Answer using only one word - coat or fly and not beetle. Which is more similar in semantic meaning to beetle?,fly
beetle|coconut|crow,Answer using only one word - coconut or crow and not beetle. Which is more similar in semantic meaning to beetle?,coconut
beetle|coconut|eggbeater,Answer using only one word - coconut or eggbeater and not beetle. Which is more similar in semantic meaning to beetle?,Eggbeater
beetle|coconut|grenade,Answer using only one word - coconut or grenade and not beetle. Which is more similar in semantic meaning to beetle?,coconut
beetle|crow|dragonfly,Answer using only one word - crow or dragonfly and not beetle. Which is more similar in semantic meaning to beetle?,Crow
beetle|crow|file,Answer using only one word - crow or file and not beetle. Which is more similar in semantic meaning to beetle?,file
beetle|crow|missile,Answer using only one word - crow or missile and not beetle. Which is more similar in semantic meaning to beetle?,Crow
beetle|crowbar|eggbeater,Answer using only one word - crowbar or eggbeater and not beetle. Which is more similar in semantic meaning to beetle?,Crowbar
beetle|crowbar|grenade,Answer using only one word - crowbar or grenade and not beetle. Which is more similar in semantic meaning to beetle?,crowbar
beetle|dragonfly|eagle,Answer using only one word - dragonfly or eagle and not beetle. Which is more similar in semantic meaning to beetle?,dragonfly
beetle|dragonfly|fly,Answer using only one word - dragonfly or fly and not beetle. Which is more similar in semantic meaning to beetle?,fly
beetle|dress|eagle,Answer using only one word - dress or eagle and not beetle. Which is more similar in semantic meaning to beetle?,Eagle
beetle|dress|fly,Answer using only one word - dress or fly and not beetle. Which is more similar in semantic meaning to beetle?,fly
beetle|eagle|eggbeater,Answer using only one word - eagle or eggbeater and not beetle. Which is more similar in semantic meaning to beetle?,Eggbeater
beetle|eagle|grenade,Answer using only one word - eagle or grenade and not beetle. Which is more similar in semantic meaning to beetle?,eagle
beetle|eggbeater|file,Answer using only one word - eggbeater or file and not beetle. Which is more similar in semantic meaning to beetle?,Eggbeater
beetle|eggbeater|missile,Answer using only one word - eggbeater or missile and not beetle. Which is more similar in semantic meaning to beetle?,eggbeater
beetle|fig|grenade,Answer using only one word - fig or grenade and not beetle. Which is more similar in semantic meaning to beetle?,fig
beetle|file|fly,Answer using only one word - file or fly and not beetle. Which is more similar in semantic meaning to beetle?,fly
beetle|flute|fly,Answer using only one word - flute or fly and not beetle. Which is more similar in semantic meaning to beetle?,fly
beetle|fly|grenade,Answer using only one word - fly or grenade and not beetle. Which is more similar in semantic meaning to beetle?,fly
beetle|grenade|missile,Answer using only one word - grenade or missile and not beetle. Which is more similar in semantic meaning to beetle?,Grenade
bell|belt|bird,Answer using only one word - belt or bird and not bell. Which is more similar in semantic meaning to bell?,bird
bell|belt|boar,Answer using only one word - belt or boar and not bell. Which is more similar in semantic meaning to bell?,boar
bell|belt|cactus,Answer using only one word - belt or cactus and not bell. Which is more similar in semantic meaning to bell?,cactus
bell|belt|carrot,Answer using only one word - belt or carrot and not bell. Which is more similar in semantic meaning to bell?,carrot
bell|belt|chili,Answer using only one word - belt or chili and not bell. Which is more similar in semantic meaning to bell?,Belt
bell|belt|coconut,Answer using only one word - belt or coconut and not bell. Which is more similar in semantic meaning to bell?,coconut
bell|belt|eagle,Answer using only one word - belt or eagle and not bell. Which is more similar in semantic meaning to bell?,bell
bell|belt|fly,Answer using only one word - belt or fly and not bell. Which is more similar in semantic meaning to bell?,fly
bell|bird|blender,Answer using only one word - bird or blender and not bell. Which is more similar in semantic meaning to bell?,bird
bell|bird|bread,Answer using only one word - bird or bread and not bell. Which is more similar in semantic meaning to bell?,bird
bell|bird|candle,Answer using only one word - bird or candle and not bell. Which is more similar in semantic meaning to bell?,candle
bell|bird|cart,Answer using only one word - bird or cart and not bell. Which is more similar in semantic meaning to bell?,bird
bell|bird|chinchilla,Answer using only one word - bird or chinchilla and not bell. Which is more similar in semantic meaning to bell?,chinchilla
bell|bird|crow,Answer using only one word - bird or crow and not bell. Which is more similar in semantic meaning to bell?,bird
bell|bird|eggbeater,Answer using only one word - bird or eggbeater and not bell. Which is more similar in semantic meaning to bell?,bird
bell|bird|grenade,Answer using only one word - bird or grenade and not bell. Which is more similar in semantic meaning to bell?,bird
bell|blender|blueberry,Answer using only one word - blender or blueberry and not bell. Which is more similar in semantic meaning to bell?,blender
bell|blender|bucket,Answer using only one word - blender or bucket and not bell. Which is more similar in semantic meaning to bell?,bucket
bell|blender|cannon,Answer using only one word - blender or cannon and not bell. Which is more similar in semantic meaning to bell?,blender
bell|blender|caterpillar,Answer using only one word - blender or caterpillar and not bell. Which is more similar in semantic meaning to bell?,caterpillar
bell|blender|clarinet,Answer using only one word - blender or clarinet and not bell. Which is more similar in semantic meaning to bell?,clarinet
bell|blender|dragonfly,Answer using only one word - blender or dragonfly and not bell. Which is more similar in semantic meaning to bell?,dragonfly
bell|blender|file,Answer using only one word - blender or file and not bell. Which is more similar in semantic meaning to bell?,file
bell|blender|missile,Answer using only one word - blender or missile and not bell. Which is more similar in semantic meaning to bell?,blender
bell|blowtorch|bread,Answer using only one word - blowtorch or bread and not bell. Which is more similar in semantic meaning to bell?,blowtorch
bell|blowtorch|candle,Answer using only one word - blowtorch or candle and not bell. Which is more similar in semantic meaning to bell?,Candle
bell|blowtorch|cart,Answer using only one word - blowtorch or cart and not bell. Which is more similar in semantic meaning to bell?,cart
bell|blowtorch|chinchilla,Answer using only one word - blowtorch or chinchilla and not bell. Which is more similar in semantic meaning to bell?,chinchilla
bell|blowtorch|crow,Answer using only one word - blowtorch or crow and not bell. Which is more similar in semantic meaning to bell?,crow
bell|blowtorch|eggbeater,Answer using only one word - blowtorch or eggbeater and not bell. Which is more similar in semantic meaning to bell?,blowtorch
bell|blowtorch|grenade,Answer using only one word - blowtorch or grenade and not bell. Which is more similar in semantic meaning to bell?,globe
bell|blueberry|boar,Answer using only one word - blueberry or boar and not bell. Which is more similar in semantic meaning to bell?,boar
bell|blueberry|cactus,Answer using only one word - blueberry or cactus and not bell. Which is more similar in semantic meaning to bell?,Cactus
bell|blueberry|carrot,Answer using only one word - blueberry or carrot and not bell. Which is more similar in semantic meaning to bell?,Carrot
bell|blueberry|chili,Answer using only one word - blueberry or chili and not bell. Which is more similar in semantic meaning to bell?,Chili
bell|blueberry|coconut,Answer using only one word - blueberry or coconut and not bell. Which is more similar in semantic meaning to bell?,Coconut
bell|blueberry|eagle,Answer using only one word - blueberry or eagle and not bell. Which is more similar in semantic meaning to bell?,None
bell|blueberry|fly,Answer using only one word - blueberry or fly and not bell. Which is more similar in semantic meaning to bell?,fly
bell|boa|boar,Answer using only one word - boa or boar and not bell. Which is more similar in semantic meaning to bell?,Boa
bell|boa|cactus,Answer using only one word - boa or cactus and not bell. Which is more similar in semantic meaning to bell?,Cactus
bell|boa|carrot,Answer using only one word - boa or carrot and not bell. Which is more similar in semantic meaning to bell?,Carrot
bell|boa|chili,Answer using only one word - boa or chili and not bell. Which is more similar in semantic meaning to bell?,Chili
bell|boa|coconut,Answer using only one word - boa or coconut and not bell. Which is more similar in semantic meaning to bell?,Coconut
bell|boa|eagle,Answer using only one word - boa or eagle and not bell. Which is more similar in semantic meaning to bell?,boa
bell|boa|fly,Answer using only one word - boa or fly and not bell. Which is more similar in semantic meaning to bell?,fly
bell|boar|bread,Answer using only one word - boar or bread and not bell. Which is more similar in semantic meaning to bell?,boar
bell|boar|candle,Answer using only one word - boar or candle and not bell. Which is more similar in semantic meaning to bell?,candle
bell|boar|cart,Answer using only one word - boar or cart and not bell. Which is more similar in semantic meaning to bell?,cart
bell|boar|chinchilla,Answer using only one word - boar or chinchilla and not bell. Which is more similar in semantic meaning to bell?,Chinchilla
bell|boar|crow,Answer using only one word - boar or crow and not bell. Which is more similar in semantic meaning to bell?,crow
bell|boar|eggbeater,Answer using only one word - boar or eggbeater and not bell. Which is more similar in semantic meaning to bell?,boar
bell|boar|grenade,Answer using only one word - boar or grenade and not bell. Which is more similar in semantic meaning to bell?,g grenade
bell|bread|bucket,Answer using only one word - bread or bucket and not bell. Which is more similar in semantic meaning to bell?,bucket
bell|bread|cannon,Answer using only one word - bread or cannon and not bell. Which is more similar in semantic meaning to bell?,cannon
bell|bread|caterpillar,Answer using only one word - bread or caterpillar and not bell. Which is more similar in semantic meaning to bell?,caterpillar
bell|bread|clarinet,Answer using only one word - bread or clarinet and not bell. Which is more similar in semantic meaning to bell?,clarinet
bell|bread|dragonfly,Answer using only one word - bread or dragonfly and not bell. Which is more similar in semantic meaning to bell?,dragonfly
bell|bread|file,Answer using only one word - bread or file and not bell. Which is more similar in semantic meaning to bell?,file
bell|bread|missile,Answer using only one word - bread or missile and not bell. Which is more similar in semantic meaning to bell?,missile
bell|brussels sprouts|candle,Answer using only one word - brussels sprouts or candle and not bell. Which is more similar in semantic meaning to bell?,Candle
bell|brussels sprouts|cart,Answer using only one word - brussels sprouts or cart and not bell. Which is more similar in semantic meaning to bell?,None
bell|brussels sprouts|chinchilla,Answer using only one word - brussels sprouts or chinchilla and not bell. Which is more similar in semantic meaning to bell?,Chinchilla
bell|brussels sprouts|crow,Answer using only one word - brussels sprouts or crow and not bell. Which is more similar in semantic meaning to bell?,Crow
bell|brussels sprouts|eggbeater,Answer using only one word - brussels sprouts or eggbeater and not bell. Which is more similar in semantic meaning to bell?,Eggbeater
bell|brussels sprouts|grenade,Answer using only one word - brussels sprouts or grenade and not bell. Which is more similar in semantic meaning to bell?,Grenade
bell|bucket|cactus,Answer using only one word - bucket or cactus and not bell. Which is more similar in semantic meaning to bell?,cactus
bell|bucket|carrot,Answer using only one word - bucket or carrot and not bell. Which is more similar in semantic meaning to bell?,bucket
bell|bucket|chili,Answer using only one word - bucket or chili and not bell. Which is more similar in semantic meaning to bell?,bucket
bell|bucket|coconut,Answer using only one word - bucket or coconut and not bell. Which is more similar in semantic meaning to bell?,coconut
bell|bucket|eagle,Answer using only one word - bucket or eagle and not bell. Which is more similar in semantic meaning to bell?,eagle
bell|bucket|fly,Answer using only one word - bucket or fly and not bell. Which is more similar in semantic meaning to bell?,fly
bell|burrito|cactus,Answer using only one word - burrito or cactus and not bell. Which is more similar in semantic meaning to bell?,Cactus
bell|burrito|carrot,Answer using only one word - burrito or carrot and not bell. Which is more similar in semantic meaning to bell?,carrot
bell|burrito|chili,Answer using only one word - burrito or chili and not bell. Which is more similar in semantic meaning to bell?,chili
bell|burrito|coconut,Answer using only one word - burrito or coconut and not bell. Which is more similar in semantic meaning to bell?,Coconut
bell|burrito|eagle,Answer using only one word - burrito or eagle and not bell. Which is more similar in semantic meaning to bell?,Eagle
bell|burrito|fly,Answer using only one word - burrito or fly and not bell. Which is more similar in semantic meaning to bell?,fly
bell|cactus|candle,Answer using only one word - cactus or candle and not bell. Which is more similar in semantic meaning to bell?,cactus
bell|cactus|cart,Answer using only one word - cactus or cart and not bell. Which is more similar in semantic meaning to bell?,cactus
bell|cactus|chinchilla,Answer using only one word - cactus or chinchilla and not bell. Which is more similar in semantic meaning to bell?,Chinchilla
bell|cactus|crow,Answer using only one word - cactus or crow and not bell. Which is more similar in semantic meaning to bell?,cactus
bell|cactus|eggbeater,Answer using only one word - cactus or eggbeater and not bell. Which is more similar in semantic meaning to bell?,cactus
bell|cactus|grenade,Answer using only one word - cactus or grenade and not bell. Which is more similar in semantic meaning to bell?,cactus
bell|candle|cannon,Answer using only one word - candle or cannon and not bell. Which is more similar in semantic meaning to bell?,cannon
bell|candle|caterpillar,Answer using only one word - candle or caterpillar and not bell. Which is more similar in semantic meaning to bell?,caterpillar
bell|candle|clarinet,Answer using only one word - candle or clarinet and not bell. Which is more similar in semantic meaning to bell?,clarinet
bell|candle|dragonfly,Answer using only one word - candle or dragonfly and not bell. Which is more similar in semantic meaning to bell?,Candle
bell|candle|file,Answer using only one word - candle or file and not bell. Which is more similar in semantic meaning to bell?,candle
bell|candle|missile,Answer using only one word - candle or missile and not bell. Which is more similar in semantic meaning to bell?,candle
bell|candy|cart,Answer using only one word - candy or cart and not bell. Which is more similar in semantic meaning to bell?,candy
bell|candy|chinchilla,Answer using only one word - candy or chinchilla and not bell. Which is more similar in semantic meaning to bell?,Chinchilla
bell|candy|crow,Answer using only one word - candy or crow and not bell. Which is more similar in semantic meaning to bell?,candy
bell|candy|eggbeater,Answer using only one word - candy or eggbeater and not bell. Which is more similar in semantic meaning to bell?,eggbeater
bell|candy|grenade,Answer using only one word - candy or grenade and not bell. Which is more similar in semantic meaning to bell?,candy
bell|cannon|carrot,Answer using only one word - cannon or carrot and not bell. Which is more similar in semantic meaning to bell?,cannon
bell|cannon|chili,Answer using only one word - cannon or chili and not bell. Which is more similar in semantic meaning to bell?,Cannon
bell|cannon|coconut,Answer using only one word - cannon or coconut and not bell. Which is more similar in semantic meaning to bell?,cannon
bell|cannon|eagle,Answer using only one word - cannon or eagle and not bell. Which is more similar in semantic meaning to bell?,cannon
bell|cannon|fly,Answer using only one word - cannon or fly and not bell. Which is more similar in semantic meaning to bell?,cannon
bell|car|carrot,Answer using only one word - car or carrot and not bell. Which is more similar in semantic meaning to bell?,carrot
bell|car|chili,Answer using only one word - car or chili and not bell. Which is more similar in semantic meaning to bell?,Chili
bell|car|coconut,Answer using only one word - car or coconut and not bell. Which is more similar in semantic meaning to bell?,coconut
bell|car|eagle,Answer using only one word - car or eagle and not bell. Which is more similar in semantic meaning to bell?,eagle
bell|car|fly,Answer using only one word - car or fly and not bell. Which is more similar in semantic meaning to bell?,fly
bell|carrot|cart,Answer using only one word - carrot or cart and not bell. Which is more similar in semantic meaning to bell?,carrot
bell|carrot|chinchilla,Answer using only one word - carrot or chinchilla and not bell. Which is more similar in semantic meaning to bell?,chinchilla
bell|carrot|crow,Answer using only one word - carrot or crow and not bell. Which is more similar in semantic meaning to bell?,crow
bell|carrot|eggbeater,Answer using only one word - carrot or eggbeater and not bell. Which is more similar in semantic meaning to bell?,carrot
bell|carrot|grenade,Answer using only one word - carrot or grenade and not bell. Which is more similar in semantic meaning to bell?,carrot
bell|cart|caterpillar,Answer using only one word - cart or caterpillar and not bell. Which is more similar in semantic meaning to bell?,caterpillar
bell|cart|clarinet,Answer using only one word - cart or clarinet and not bell. Which is more similar in semantic meaning to bell?,clarinet
bell|cart|dragonfly,Answer using only one word - cart or dragonfly and not bell. Which is more similar in semantic meaning to bell?,dragonfly
bell|cart|file,Answer using only one word - cart or file and not bell. Which is more similar in semantic meaning to bell?,file
bell|cart|missile,Answer using only one word - cart or missile and not bell. Which is more similar in semantic meaning to bell?,cart
bell|cat|chinchilla,Answer using only one word - cat or chinchilla and not bell. Which is more similar in semantic meaning to bell?,chinchilla
bell|cat|crow,Answer using only one word - cat or crow and not bell. Which is more similar in semantic meaning to bell?,crow
bell|cat|eggbeater,Answer using only one word - cat or eggbeater and not bell. Which is more similar in semantic meaning to bell?,eggbeater
bell|cat|grenade,Answer using only one word - cat or grenade and not bell. Which is more similar in semantic meaning to bell?,cat
bell|caterpillar|chili,Answer using only one word - caterpillar or chili and not bell. Which is more similar in semantic meaning to bell?,caterpillar
bell|caterpillar|coconut,Answer using only one word - caterpillar or coconut and not bell. Which is more similar in semantic meaning to bell?,caterpillar
bell|caterpillar|eagle,Answer using only one word - caterpillar or eagle and not bell. Which is more similar in semantic meaning to bell?,caterpillar
bell|caterpillar|fly,Answer using only one word - caterpillar or fly and not bell. Which is more similar in semantic meaning to bell?,fly
bell|celery|chili,Answer using only one word - celery or chili and not bell. Which is more similar in semantic meaning to bell?,Chili
bell|celery|coconut,Answer using only one word - celery or coconut and not bell. Which is more similar in semantic meaning to bell?,Coconut
bell|celery|eagle,Answer using only one word - celery or eagle and not bell. Which is more similar in semantic meaning to bell?,Eagle
bell|celery|fly,Answer using only one word - celery or fly and not bell. Which is more similar in semantic meaning to bell?,fly
bell|chili|chinchilla,Answer using only one word - chili or chinchilla and not bell. Which is more similar in semantic meaning to bell?,Chili
bell|chili|crow,Answer using only one word - chili or crow and not bell. Which is more similar in semantic meaning to bell?,chili
bell|chili|eggbeater,Answer using only one word - chili or eggbeater and not bell. Which is more similar in semantic meaning to bell?,Chili
bell|chili|grenade,Answer using only one word - chili or grenade and not bell. Which is more similar in semantic meaning to bell?,grenade
bell|chinchilla|clarinet,Answer using only one word - chinchilla or clarinet and not bell. Which is more similar in semantic meaning to bell?,Clarinet
bell|chinchilla|dragonfly,Answer using only one word - chinchilla or dragonfly and not bell. Which is more similar in semantic meaning to bell?,Chinchilla
bell|chinchilla|file,Answer using only one word - chinchilla or file and not bell. Which is more similar in semantic meaning to bell?,chinchilla
bell|chinchilla|missile,Answer using only one word - chinchilla or missile and not bell. Which is more similar in semantic meaning to bell?,Chinchilla
bell|chisel|crow,Answer using only one word - chisel or crow and not bell. Which is more similar in semantic meaning to bell?,Chisel
bell|chisel|eggbeater,Answer using only one word - chisel or eggbeater and not bell. Which is more similar in semantic meaning to bell?,Chisel
bell|chisel|grenade,Answer using only one word - chisel or grenade and not bell. Which is more similar in semantic meaning to bell?,Chisel
bell|clarinet|coconut,Answer using only one word - clarinet or coconut and not bell. Which is more similar in semantic meaning to bell?,clarinet
bell|clarinet|eagle,Answer using only one word - clarinet or eagle and not bell. Which is more similar in semantic meaning to bell?,clarinet
bell|clarinet|fly,Answer using only one word - clarinet or fly and not bell. Which is more similar in semantic meaning to bell?,clarinet
bell|coat|coconut,Answer using only one word - coat or coconut and not bell. Which is more similar in semantic meaning to bell?,Coconut
bell|coat|eagle,Answer using only one word - coat or eagle and not bell. Which is more similar in semantic meaning to bell?,eagle
bell|coat|fly,Answer using only one word - coat or fly and not bell. Which is more similar in semantic meaning to bell?,fly
bell|coconut|crow,Answer using only one word - coconut or crow and not bell. Which is more similar in semantic meaning to bell?,coconut
bell|coconut|eggbeater,Answer using only one word - coconut or eggbeater and not bell. Which is more similar in semantic meaning to bell?,Coconut
bell|coconut|grenade,Answer using only one word - coconut or grenade and not bell. Which is more similar in semantic meaning to bell?,coconut
bell|crow|dragonfly,Answer using only one word - crow or dragonfly and not bell. Which is more similar in semantic meaning to bell?,crow
bell|crow|file,Answer using only one word - crow or file and not bell. Which is more similar in semantic meaning to bell?,file
bell|crow|missile,Answer using only one word - crow or missile and not bell. Which is more similar in semantic meaning to bell?,crow
bell|crowbar|eggbeater,Answer using only one word - crowbar or eggbeater and not bell. Which is more similar in semantic meaning to bell?,crowbar
bell|crowbar|grenade,Answer using only one word - crowbar or grenade and not bell. Which is more similar in semantic meaning to bell?,crowbar
bell|dragonfly|eagle,Answer using only one word - dragonfly or eagle and not bell. Which is more similar in semantic meaning to bell?,None
bell|dragonfly|fly,Answer using only one word - dragonfly or fly and not bell. Which is more similar in semantic meaning to bell?,fly
bell|dress|eagle,Answer using only one word - dress or eagle and not bell. Which is more similar in semantic meaning to bell?,eagle
bell|dress|fly,Answer using only one word - dress or fly and not bell. Which is more similar in semantic meaning to bell?,fly
bell|eagle|eggbeater,Answer using only one word - eagle or eggbeater and not bell. Which is more similar in semantic meaning to bell?,Eggbeater
bell|eagle|grenade,Answer using only one word - eagle or grenade and not bell. Which is more similar in semantic meaning to bell?,eagle
bell|eggbeater|file,Answer using only one word - eggbeater or file and not bell. Which is more similar in semantic meaning to bell?,file
bell|eggbeater|missile,Answer using only one word - eggbeater or missile and not bell. Which is more similar in semantic meaning to bell?,eggbeater
bell|fig|grenade,Answer using only one word - fig or grenade and not bell. Which is more similar in semantic meaning to bell?,fig
bell|file|fly,Answer using only one word - file or fly and not bell. Which is more similar in semantic meaning to bell?,fly
bell|flute|fly,Answer using only one word - flute or fly and not bell. Which is more similar in semantic meaning to bell?,flute
bell|fly|grenade,Answer using only one word - fly or grenade and not bell. Which is more similar in semantic meaning to bell?,globe
bell|grenade|missile,Answer using only one word - grenade or missile and not bell. Which is more similar in semantic meaning to bell?,grenade
belt|bird|blender,Answer using only one word - bird or blender and not belt. Which is more similar in semantic meaning to belt?,bird
belt|bird|bread,Answer using only one word - bird or bread and not belt. Which is more similar in semantic meaning to belt?,bird
belt|bird|candle,Answer using only one word - bird or candle and not belt. Which is more similar in semantic meaning to belt?,bird
belt|bird|cart,Answer using only one word - bird or cart and not belt. Which is more similar in semantic meaning to belt?,cart
belt|bird|chinchilla,Answer using only one word - bird or chinchilla and not belt. Which is more similar in semantic meaning to belt?,bird
belt|bird|crow,Answer using only one word - bird or crow and not belt. Which is more similar in semantic meaning to belt?,bird
belt|bird|eggbeater,Answer using only one word - bird or eggbeater and not belt. Which is more similar in semantic meaning to belt?,bird
belt|bird|grenade,Answer using only one word - bird or grenade and not belt. Which is more similar in semantic meaning to belt?,grenade
belt|blender|blueberry,Answer using only one word - blender or blueberry and not belt. Which is more similar in semantic meaning to belt?,blender
belt|blender|bucket,Answer using only one word - blender or bucket and not belt. Which is more similar in semantic meaning to belt?,bucket
belt|blender|cannon,Answer using only one word - blender or cannon and not belt. Which is more similar in semantic meaning to belt?,blender
belt|blender|caterpillar,Answer using only one word - blender or caterpillar and not belt. Which is more similar in semantic meaning to belt?,caterpillar
belt|blender|clarinet,Answer using only one word - blender or clarinet and not belt. Which is more similar in semantic meaning to belt?,blender
belt|blender|dragonfly,Answer using only one word - blender or dragonfly and not belt. Which is more similar in semantic meaning to belt?,blender
belt|blender|file,Answer using only one word - blender or file and not belt. Which is more similar in semantic meaning to belt?,file
belt|blender|missile,Answer using only one word - blender or missile and not belt. Which is more similar in semantic meaning to belt?,blender
belt|blowtorch|bread,Answer using only one word - blowtorch or bread and not belt. Which is more similar in semantic meaning to belt?,blowtorch
belt|blowtorch|candle,Answer using only one word - blowtorch or candle and not belt. Which is more similar in semantic meaning to belt?,blowtorch
belt|blowtorch|cart,Answer using only one word - blowtorch or cart and not belt. Which is more similar in semantic meaning to belt?,cart
belt|blowtorch|chinchilla,Answer using only one word - blowtorch or chinchilla and not belt. Which is more similar in semantic meaning to belt?,blowtorch
belt|blowtorch|crow,Answer using only one word - blowtorch or crow and not belt. Which is more similar in semantic meaning to belt?,crow
belt|blowtorch|eggbeater,Answer using only one word - blowtorch or eggbeater and not belt. Which is more similar in semantic meaning to belt?,blowtorch
belt|blowtorch|grenade,Answer using only one word - blowtorch or grenade and not belt. Which is more similar in semantic meaning to belt?,blowtorch
belt|blueberry|boar,Answer using only one word - blueberry or boar and not belt. Which is more similar in semantic meaning to belt?,boar
belt|blueberry|cactus,Answer using only one word - blueberry or cactus and not belt. Which is more similar in semantic meaning to belt?,cactus
belt|blueberry|carrot,Answer using only one word - blueberry or carrot and not belt. Which is more similar in semantic meaning to belt?,carrot
belt|blueberry|chili,Answer using only one word - blueberry or chili and not belt. Which is more similar in semantic meaning to belt?,chili
belt|blueberry|coconut,Answer using only one word - blueberry or coconut and not belt. Which is more similar in semantic meaning to belt?,coconut
belt|blueberry|eagle,Answer using only one word - blueberry or eagle and not belt. Which is more similar in semantic meaning to belt?,eagle
belt|blueberry|fly,Answer using only one word - blueberry or fly and not belt. Which is more similar in semantic meaning to belt?,fly
belt|boa|boar,Answer using only one word - boa or boar and not belt. Which is more similar in semantic meaning to belt?,boar
belt|boa|cactus,Answer using only one word - boa or cactus and not belt. Which is more similar in semantic meaning to belt?,boa
belt|boa|carrot,Answer using only one word - boa or carrot and not belt. Which is more similar in semantic meaning to belt?,boa
belt|boa|chili,Answer using only one word - boa or chili and not belt. Which is more similar in semantic meaning to belt?,boa
belt|boa|coconut,Answer using only one word - boa or coconut and not belt. Which is more similar in semantic meaning to belt?,boa
belt|boa|eagle,Answer using only one word - boa or eagle and not belt. Which is more similar in semantic meaning to belt?,boa
belt|boa|fly,Answer using only one word - boa or fly and not belt. Which is more similar in semantic meaning to belt?,boa
belt|boar|bread,Answer using only one word - boar or bread and not belt. Which is more similar in semantic meaning to belt?,boar
belt|boar|candle,Answer using only one word - boar or candle and not belt. Which is more similar in semantic meaning to belt?,boar
belt|boar|cart,Answer using only one word - boar or cart and not belt. Which is more similar in semantic meaning to belt?,cart
belt|boar|chinchilla,Answer using only one word - boar or chinchilla and not belt. Which is more similar in semantic meaning to belt?,boar
belt|boar|crow,Answer using only one word - boar or crow and not belt. Which is more similar in semantic meaning to belt?,boar
belt|boar|eggbeater,Answer using only one word - boar or eggbeater and not belt. Which is more similar in semantic meaning to belt?,boar
belt|boar|grenade,Answer using only one word - boar or grenade and not belt. Which is more similar in semantic meaning to belt?,grenade
belt|bread|bucket,Answer using only one word - bread or bucket and not belt. Which is more similar in semantic meaning to belt?,bucket
belt|bread|cannon,Answer using only one word - bread or cannon and not belt. Which is more similar in semantic meaning to belt?,cannon
belt|bread|caterpillar,Answer using only one word - bread or caterpillar and not belt. Which is more similar in semantic meaning to belt?,caterpillar
belt|bread|clarinet,Answer using only one word - bread or clarinet and not belt. Which is more similar in semantic meaning to belt?,bread
belt|bread|dragonfly,Answer using only one word - bread or dragonfly and not belt. Which is more similar in semantic meaning to belt?,bread
belt|bread|file,Answer using only one word - bread or file and not belt. Which is more similar in semantic meaning to belt?,file
belt|bread|missile,Answer using only one word - bread or missile and not belt. Which is more similar in semantic meaning to belt?,bread
belt|brussels sprouts|candle,Answer using only one word - brussels sprouts or candle and not belt. Which is more similar in semantic meaning to belt?,candle
belt|brussels sprouts|cart,Answer using only one word - brussels sprouts or cart and not belt. Which is more similar in semantic meaning to belt?,cart
belt|brussels sprouts|chinchilla,Answer using only one word - brussels sprouts or chinchilla and not belt. Which is more similar in semantic meaning to belt?,Chinchilla
belt|brussels sprouts|crow,Answer using only one word - brussels sprouts or crow and not belt. Which is more similar in semantic meaning to belt?,crow
belt|brussels sprouts|eggbeater,Answer using only one word - brussels sprouts or eggbeater and not belt. Which is more similar in semantic meaning to belt?,brussels sprouts
belt|brussels sprouts|grenade,Answer using only one word - brussels sprouts or grenade and not belt. Which is more similar in semantic meaning to belt?,grenade
belt|bucket|cactus,Answer using only one word - bucket or cactus and not belt. Which is more similar in semantic meaning to belt?,bucket
belt|bucket|carrot,Answer using only one word - bucket or carrot and not belt. Which is more similar in semantic meaning to belt?,bucket
belt|bucket|chili,Answer using only one word - bucket or chili and not belt. Which is more similar in semantic meaning to belt?,bucket
belt|bucket|coconut,Answer using only one word - bucket or coconut and not belt. Which is more similar in semantic meaning to belt?,bucket
belt|bucket|eagle,Answer using only one word - bucket or eagle and not belt. Which is more similar in semantic meaning to belt?,bucket
belt|bucket|fly,Answer using only one word - bucket or fly and not belt. Which is more similar in semantic meaning to belt?,bucket
belt|burrito|cactus,Answer using only one word - burrito or cactus and not belt. Which is more similar in semantic meaning to belt?,cactus
belt|burrito|carrot,Answer using only one word - burrito or carrot and not belt. Which is more similar in semantic meaning to belt?,burrito
belt|burrito|chili,Answer using only one word - burrito or chili and not belt. Which is more similar in semantic meaning to belt?,burrito
belt|burrito|coconut,Answer using only one word - burrito or coconut and not belt. Which is more similar in semantic meaning to belt?,burrito
belt|burrito|eagle,Answer using only one word - burrito or eagle and not belt. Which is more similar in semantic meaning to belt?,burrito
belt|burrito|fly,Answer using only one word - burrito or fly and not belt. Which is more similar in semantic meaning to belt?,burrito
belt|cactus|candle,Answer using only one word - cactus or candle and not belt. Which is more similar in semantic meaning to belt?,cactus
belt|cactus|cart,Answer using only one word - cactus or cart and not belt. Which is more similar in semantic meaning to belt?,cactus
belt|cactus|chinchilla,Answer using only one word - cactus or chinchilla and not belt. Which is more similar in semantic meaning to belt?,cactus
belt|cactus|crow,Answer using only one word - cactus or crow and not belt. Which is more similar in semantic meaning to belt?,cactus
belt|cactus|eggbeater,Answer using only one word - cactus or eggbeater and not belt. Which is more similar in semantic meaning to belt?,cactus
belt|cactus|grenade,Answer using only one word - cactus or grenade and not belt. Which is more similar in semantic meaning to belt?,cactus
belt|candle|cannon,Answer using only one word - candle or cannon and not belt. Which is more similar in semantic meaning to belt?,cannon
belt|candle|caterpillar,Answer using only one word - candle or caterpillar and not belt. Which is more similar in semantic meaning to belt?,caterpillar
belt|candle|clarinet,Answer using only one word - candle or clarinet and not belt. Which is more similar in semantic meaning to belt?,candle
belt|candle|dragonfly,Answer using only one word - candle or dragonfly and not belt. Which is more similar in semantic meaning to belt?,candle
belt|candle|file,Answer using only one word - candle or file and not belt. Which is more similar in semantic meaning to belt?,file
belt|candle|missile,Answer using only one word - candle or missile and not belt. Which is more similar in semantic meaning to belt?,candle
belt|candy|cart,Answer using only one word - candy or cart and not belt. Which is more similar in semantic meaning to belt?,cart
belt|candy|chinchilla,Answer using only one word - candy or chinchilla and not belt. Which is more similar in semantic meaning to belt?,candy
belt|candy|crow,Answer using only one word - candy or crow and not belt. Which is more similar in semantic meaning to belt?,candy
belt|candy|eggbeater,Answer using only one word - candy or eggbeater and not belt. Which is more similar in semantic meaning to belt?,eggbeater
belt|candy|grenade,Answer using only one word - candy or grenade and not belt. Which is more similar in semantic meaning to belt?,candy
belt|cannon|carrot,Answer using only one word - cannon or carrot and not belt. Which is more similar in semantic meaning to belt?,cannon
belt|cannon|chili,Answer using only one word - cannon or chili and not belt. Which is more similar in semantic meaning to belt?,cannon
belt|cannon|coconut,Answer using only one word - cannon or coconut and not belt. Which is more similar in semantic meaning to belt?,cannon
belt|cannon|eagle,Answer using only one word - cannon or eagle and not belt. Which is more similar in semantic meaning to belt?,cannon
belt|cannon|fly,Answer using only one word - cannon or fly and not belt. Which is more similar in semantic meaning to belt?,cannon
belt|car|carrot,Answer using only one word - car or carrot and not belt. Which is more similar in semantic meaning to belt?,car
belt|car|chili,Answer using only one word - car or chili and not belt. Which is more similar in semantic meaning to belt?,car
belt|car|coconut,Answer using only one word - car or coconut and not belt. Which is more similar in semantic meaning to belt?,coconut
belt|car|eagle,Answer using only one word - car or eagle and not belt. Which is more similar in semantic meaning to belt?,car
belt|car|fly,Answer using only one word - car or fly and not belt. Which is more similar in semantic meaning to belt?,car
belt|carrot|cart,Answer using only one word - carrot or cart and not belt. Which is more similar in semantic meaning to belt?,cart
belt|carrot|chinchilla,Answer using only one word - carrot or chinchilla and not belt. Which is more similar in semantic meaning to belt?,carrot
belt|carrot|crow,Answer using only one word - carrot or crow and not belt. Which is more similar in semantic meaning to belt?,crow
belt|carrot|eggbeater,Answer using only one word - carrot or eggbeater and not belt. Which is more similar in semantic meaning to belt?,carrot
belt|carrot|grenade,Answer using only one word - carrot or grenade and not belt. Which is more similar in semantic meaning to belt?,carrot
belt|cart|caterpillar,Answer using only one word - cart or caterpillar and not belt. Which is more similar in semantic meaning to belt?,caterpillar
belt|cart|clarinet,Answer using only one word - cart or clarinet and not belt. Which is more similar in semantic meaning to belt?,cart
belt|cart|dragonfly,Answer using only one word - cart or dragonfly and not belt. Which is more similar in semantic meaning to belt?,cart
belt|cart|file,Answer using only one word - cart or file and not belt. Which is more similar in semantic meaning to belt?,file
belt|cart|missile,Answer using only one word - cart or missile and not belt. Which is more similar in semantic meaning to belt?,cart
belt|cat|chinchilla,Answer using only one word - cat or chinchilla and not belt. Which is more similar in semantic meaning to belt?,chinchilla
belt|cat|crow,Answer using only one word - cat or crow and not belt. Which is more similar in semantic meaning to belt?,crow
belt|cat|eggbeater,Answer using only one word - cat or eggbeater and not belt. Which is more similar in semantic meaning to belt?,eggbeater
belt|cat|grenade,Answer using only one word - cat or grenade and not belt. Which is more similar in semantic meaning to belt?,grenade
belt|caterpillar|chili,Answer using only one word - caterpillar or chili and not belt. Which is more similar in semantic meaning to belt?,caterpillar
belt|caterpillar|coconut,Answer using only one word - caterpillar or coconut and not belt. Which is more similar in semantic meaning to belt?,caterpillar
belt|caterpillar|eagle,Answer using only one word - caterpillar or eagle and not belt. Which is more similar in semantic meaning to belt?,caterpillar
belt|caterpillar|fly,Answer using only one word - caterpillar or fly and not belt. Which is more similar in semantic meaning to belt?,caterpillar
belt|celery|chili,Answer using only one word - celery or chili and not belt. Which is more similar in semantic meaning to belt?,chili
belt|celery|coconut,Answer using only one word - celery or coconut and not belt. Which is more similar in semantic meaning to belt?,celery
belt|celery|eagle,Answer using only one word - celery or eagle and not belt. Which is more similar in semantic meaning to belt?,eagle
belt|celery|fly,Answer using only one word - celery or fly and not belt. Which is more similar in semantic meaning to belt?,fly
belt|chili|chinchilla,Answer using only one word - chili or chinchilla and not belt. Which is more similar in semantic meaning to belt?,chili
belt|chili|crow,Answer using only one word - chili or crow and not belt. Which is more similar in semantic meaning to belt?,chili
belt|chili|eggbeater,Answer using only one word - chili or eggbeater and not belt. Which is more similar in semantic meaning to belt?,chili
belt|chili|grenade,Answer using only one word - chili or grenade and not belt. Which is more similar in semantic meaning to belt?,grenade
belt|chinchilla|clarinet,Answer using only one word - chinchilla or clarinet and not belt. Which is more similar in semantic meaning to belt?,clarinet
belt|chinchilla|dragonfly,Answer using only one word - chinchilla or dragonfly and not belt. Which is more similar in semantic meaning to belt?,chinchilla
belt|chinchilla|file,Answer using only one word - chinchilla or file and not belt. Which is more similar in semantic meaning to belt?,file
belt|chinchilla|missile,Answer using only one word - chinchilla or missile and not belt. Which is more similar in semantic meaning to belt?,missile
belt|chisel|crow,Answer using only one word - chisel or crow and not belt. Which is more similar in semantic meaning to belt?,chisel
belt|chisel|eggbeater,Answer using only one word - chisel or eggbeater and not belt. Which is more similar in semantic meaning to belt?,Chisel
belt|chisel|grenade,Answer using only one word - chisel or grenade and not belt. Which is more similar in semantic meaning to belt?,chisel
belt|clarinet|coconut,Answer using only one word - clarinet or coconut and not belt. Which is more similar in semantic meaning to belt?,clarinet
belt|clarinet|eagle,Answer using only one word - clarinet or eagle and not belt. Which is more similar in semantic meaning to belt?,eagle
belt|clarinet|fly,Answer using only one word - clarinet or fly and not belt. Which is more similar in semantic meaning to belt?,fly
belt|coat|coconut,Answer using only one word - coat or coconut and not belt. Which is more similar in semantic meaning to belt?,coat
belt|coat|eagle,Answer using only one word - coat or eagle and not belt. Which is more similar in semantic meaning to belt?,coat
belt|coat|fly,Answer using only one word - coat or fly and not belt. Which is more similar in semantic meaning to belt?,coat
belt|coconut|crow,Answer using only one word - coconut or crow and not belt. Which is more similar in semantic meaning to belt?,coconut
belt|coconut|eggbeater,Answer using only one word - coconut or eggbeater and not belt. Which is more similar in semantic meaning to belt?,eggbeater
belt|coconut|grenade,Answer using only one word - coconut or grenade and not belt. Which is more similar in semantic meaning to belt?,grenade
belt|crow|dragonfly,Answer using only one word - crow or dragonfly and not belt. Which is more similar in semantic meaning to belt?,crow
belt|crow|file,Answer using only one word - crow or file and not belt. Which is more similar in semantic meaning to belt?,file
belt|crow|missile,Answer using only one word - crow or missile and not belt. Which is more similar in semantic meaning to belt?,missile
belt|crowbar|eggbeater,Answer using only one word - crowbar or eggbeater and not belt. Which is more similar in semantic meaning to belt?,crowbar
belt|crowbar|grenade,Answer using only one word - crowbar or grenade and not belt. Which is more similar in semantic meaning to belt?,crowbar
belt|dragonfly|eagle,Answer using only one word - dragonfly or eagle and not belt. Which is more similar in semantic meaning to belt?,eagle
belt|dragonfly|fly,Answer using only one word - dragonfly or fly and not belt. Which is more similar in semantic meaning to belt?,fly
belt|dress|eagle,Answer using only one word - dress or eagle and not belt. Which is more similar in semantic meaning to belt?,dress
belt|dress|fly,Answer using only one word - dress or fly and not belt. Which is more similar in semantic meaning to belt?,dress
belt|eagle|eggbeater,Answer using only one word - eagle or eggbeater and not belt. Which is more similar in semantic meaning to belt?,Eagle
belt|eagle|grenade,Answer using only one word - eagle or grenade and not belt. Which is more similar in semantic meaning to belt?,grenade
belt|eggbeater|file,Answer using only one word - eggbeater or file and not belt. Which is more similar in semantic meaning to belt?,file
belt|eggbeater|missile,Answer using only one word - eggbeater or missile and not belt. Which is more similar in semantic meaning to belt?,missile
belt|fig|grenade,Answer using only one word - fig or grenade and not belt. Which is more similar in semantic meaning to belt?,fig
belt|file|fly,Answer using only one word - file or fly and not belt. Which is more similar in semantic meaning to belt?,file
belt|flute|fly,Answer using only one word - flute or fly and not belt. Which is more similar in semantic meaning to belt?,fly
belt|fly|grenade,Answer using only one word - fly or grenade and not belt. Which is more similar in semantic meaning to belt?,fly
belt|grenade|missile,Answer using only one word - grenade or missile and not belt. Which is more similar in semantic meaning to belt?,grenade
bird|blender|blowtorch,Answer using only one word - blender or blowtorch and not bird. Which is more similar in semantic meaning to bird?,blowtorch
bird|blender|brussels sprouts,Answer using only one word - blender or brussels sprouts and not bird. Which is more similar in semantic meaning to bird?,brussels
bird|blender|candy,Answer using only one word - blender or candy and not bird. Which is more similar in semantic meaning to bird?,candy
bird|blender|cat,Answer using only one word - blender or cat and not bird. Which is more similar in semantic meaning to bird?,cat
bird|blender|chisel,Answer using only one word - blender or chisel and not bird. Which is more similar in semantic meaning to bird?,chisel
bird|blender|crowbar,Answer using only one word - blender or crowbar and not bird. Which is more similar in semantic meaning to bird?,crowbar
bird|blender|fig,Answer using only one word - blender or fig and not bird. Which is more similar in semantic meaning to bird?,fig
bird|blender|jeans,Answer using only one word - blender or jeans and not bird. Which is more similar in semantic meaning to bird?,blender
bird|blowtorch|boar,Answer using only one word - blowtorch or boar and not bird. Which is more similar in semantic meaning to bird?,boar
bird|blowtorch|cactus,Answer using only one word - blowtorch or cactus and not bird. Which is more similar in semantic meaning to bird?,cactus
bird|blowtorch|carrot,Answer using only one word - blowtorch or carrot and not bird. Which is more similar in semantic meaning to bird?,carrot
bird|blowtorch|chili,Answer using only one word - blowtorch or chili and not bird. Which is more similar in semantic meaning to bird?,chili
bird|blowtorch|coconut,Answer using only one word - blowtorch or coconut and not bird. Which is more similar in semantic meaning to bird?,coconut
bird|blowtorch|eagle,Answer using only one word - blowtorch or eagle and not bird. Which is more similar in semantic meaning to bird?,eagle
bird|blowtorch|fly,Answer using only one word - blowtorch or fly and not bird. Which is more similar in semantic meaning to bird?,fly
bird|blueberry|boa,Answer using only one word - blueberry or boa and not bird. Which is more similar in semantic meaning to bird?,boa
bird|blueberry|burrito,Answer using only one word - blueberry or burrito and not bird. Which is more similar in semantic meaning to bird?,burrito
bird|blueberry|car,Answer using only one word - blueberry or car and not bird. Which is more similar in semantic meaning to bird?,car
bird|blueberry|celery,Answer using only one word - blueberry or celery and not bird. Which is more similar in semantic meaning to bird?,celery
bird|blueberry|coat,Answer using only one word - blueberry or coat and not bird. Which is more similar in semantic meaning to bird?,coat
bird|blueberry|dress,Answer using only one word - blueberry or dress and not bird. Which is more similar in semantic meaning to bird?,blueberry
bird|blueberry|flute,Answer using only one word - blueberry or flute and not bird. Which is more similar in semantic meaning to bird?,flute
bird|blueberry|motorcycle,Answer using only one word - blueberry or motorcycle and not bird. Which is more similar in semantic meaning to bird?,blueberry
bird|boa|burrito,Answer using only one word - boa or burrito and not bird. Which is more similar in semantic meaning to bird?,boa
bird|boa|car,Answer using only one word - boa or car and not bird. Which is more similar in semantic meaning to bird?,boa
bird|boa|celery,Answer using only one word - boa or celery and not bird. Which is more similar in semantic meaning to bird?,Celery
bird|boa|coat,Answer using only one word - boa or coat and not bird. Which is more similar in semantic meaning to bird?,coat
bird|boa|dress,Answer using only one word - boa or dress and not bird. Which is more similar in semantic meaning to bird?,boa
bird|boa|flute,Answer using only one word - boa or flute and not bird. Which is more similar in semantic meaning to bird?,Flute
bird|boa|motorcycle,Answer using only one word - boa or motorcycle and not bird. Which is more similar in semantic meaning to bird?,boa
bird|boar|cactus,Answer using only one word - boar or cactus and not bird. Which is more similar in semantic meaning to bird?,cactus
bird|boar|carrot,Answer using only one word - boar or carrot and not bird. Which is more similar in semantic meaning to bird?,carrot
bird|boar|chili,Answer using only one word - boar or chili and not bird. Which is more similar in semantic meaning to bird?,chili
bird|boar|coconut,Answer using only one word - boar or coconut and not bird. Which is more similar in semantic meaning to bird?,coconut
bird|boar|eagle,Answer using only one word - boar or eagle and not bird. Which is more similar in semantic meaning to bird?,eagle
bird|boar|fly,Answer using only one word - boar or fly and not bird. Which is more similar in semantic meaning to bird?,fly
bird|bread|brussels sprouts,Answer using only one word - bread or brussels sprouts and not bird. Which is more similar in semantic meaning to bird?,brussels
bird|bread|candy,Answer using only one word - bread or candy and not bird. Which is more similar in semantic meaning to bird?,candy
bird|bread|cat,Answer using only one word - bread or cat and not bird. Which is more similar in semantic meaning to bird?,cat
bird|bread|chisel,Answer using only one word - bread or chisel and not bird. Which is more similar in semantic meaning to bird?,chisel
bird|bread|crowbar,Answer using only one word - bread or crowbar and not bird. Which is more similar in semantic meaning to bird?,crowbar
bird|bread|fig,Answer using only one word - bread or fig and not bird. Which is more similar in semantic meaning to bird?,fig
bird|bread|jeans,Answer using only one word - bread or jeans and not bird. Which is more similar in semantic meaning to bird?,bread
bird|brussels sprouts|cactus,Answer using only one word - brussels sprouts or cactus and not bird. Which is more similar in semantic meaning to bird?,cactus
bird|brussels sprouts|carrot,Answer using only one word - brussels sprouts or carrot and not bird. Which is more similar in semantic meaning to bird?,Carrot
bird|brussels sprouts|chili,Answer using only one word - brussels sprouts or chili and not bird. Which is more similar in semantic meaning to bird?,chili
bird|brussels sprouts|coconut,Answer using only one word - brussels sprouts or coconut and not bird. Which is more similar in semantic meaning to bird?,Coconut
bird|brussels sprouts|eagle,Answer using only one word - brussels sprouts or eagle and not bird. Which is more similar in semantic meaning to bird?,eagle
bird|brussels sprouts|fly,Answer using only one word - brussels sprouts or fly and not bird. Which is more similar in semantic meaning to bird?,fly
bird|bucket|burrito,Answer using only one word - bucket or burrito and not bird. Which is more similar in semantic meaning to bird?,burrito
bird|bucket|car,Answer using only one word - bucket or car and not bird. Which is more similar in semantic meaning to bird?,bucket
bird|bucket|celery,Answer using only one word - bucket or celery and not bird. Which is more similar in semantic meaning to bird?,celery
bird|bucket|coat,Answer using only one word - bucket or coat and not bird. Which is more similar in semantic meaning to bird?,coat
bird|bucket|dress,Answer using only one word - bucket or dress and not bird. Which is more similar in semantic meaning to bird?,dress
bird|bucket|flute,Answer using only one word - bucket or flute and not bird. Which is more similar in semantic meaning to bird?,flute
bird|bucket|motorcycle,Answer using only one word - bucket or motorcycle and not bird. Which is more similar in semantic meaning to bird?,bucket
bird|burrito|car,Answer using only one word - burrito or car and not bird. Which is more similar in semantic meaning to bird?,burrito
bird|burrito|celery,Answer using only one word - burrito or celery and not bird. Which is more similar in semantic meaning to bird?,Celery
bird|burrito|coat,Answer using only one word - burrito or coat and not bird. Which is more similar in semantic meaning to bird?,coat
bird|burrito|dress,Answer using only one word - burrito or dress and not bird. Which is more similar in semantic meaning to bird?,burrito
bird|burrito|flute,Answer using only one word - burrito or flute and not bird. Which is more similar in semantic meaning to bird?,flute
bird|burrito|motorcycle,Answer using only one word - burrito or motorcycle and not bird. Which is more similar in semantic meaning to bird?,burrito
bird|cactus|carrot,Answer using only one word - cactus or carrot and not bird. Which is more similar in semantic meaning to bird?,cactus
bird|cactus|chili,Answer using only one word - cactus or chili and not bird. Which is more similar in semantic meaning to bird?,chili
bird|cactus|coconut,Answer using only one word - cactus or coconut and not bird. Which is more similar in semantic meaning to bird?,cactus
bird|cactus|eagle,Answer using only one word - cactus or eagle and not bird. Which is more similar in semantic meaning to bird?,eagle
bird|cactus|fly,Answer using only one word - cactus or fly and not bird. Which is more similar in semantic meaning to bird?,fly
bird|candle|candy,Answer using only one word - candle or candy and not bird. Which is more similar in semantic meaning to bird?,candy
bird|candle|cat,Answer using only one word - candle or cat and not bird. Which is more similar in semantic meaning to bird?,cat
bird|candle|chisel,Answer using only one word - candle or chisel and not bird. Which is more similar in semantic meaning to bird?,chisel
bird|candle|crowbar,Answer using only one word - candle or crowbar and not bird. Which is more similar in semantic meaning to bird?,candle
bird|candle|fig,Answer using only one word - candle or fig and not bird. Which is more similar in semantic meaning to bird?,fig
bird|candle|jeans,Answer using only one word - candle or jeans and not bird. Which is more similar in semantic meaning to bird?,candle
bird|candy|carrot,Answer using only one word - candy or carrot and not bird. Which is more similar in semantic meaning to bird?,carrot
bird|candy|chili,Answer using only one word - candy or chili and not bird. Which is more similar in semantic meaning to bird?,candy
bird|candy|coconut,Answer using only one word - candy or coconut and not bird. Which is more similar in semantic meaning to bird?,candy
bird|candy|eagle,Answer using only one word - candy or eagle and not bird. Which is more similar in semantic meaning to bird?,eagle
bird|candy|fly,Answer using only one word - candy or fly and not bird. Which is more similar in semantic meaning to bird?,fly
bird|cannon|car,Answer using only one word - cannon or car and not bird. Which is more similar in semantic meaning to bird?,cannon
bird|cannon|celery,Answer using only one word - cannon or celery and not bird. Which is more similar in semantic meaning to bird?,cannon
bird|cannon|coat,Answer using only one word - cannon or coat and not bird. Which is more similar in semantic meaning to bird?,coat
bird|cannon|dress,Answer using only one word - cannon or dress and not bird. Which is more similar in semantic meaning to bird?,cannon
bird|cannon|flute,Answer using only one word - cannon or flute and not bird. Which is more similar in semantic meaning to bird?,flute
bird|cannon|motorcycle,Answer using only one word - cannon or motorcycle and not bird. Which is more similar in semantic meaning to bird?,motorcycle
bird|car|celery,Answer using only one word - car or celery and not bird. Which is more similar in semantic meaning to bird?,car
bird|car|coat,Answer using only one word - car or coat and not bird. Which is more similar in semantic meaning to bird?,coat
bird|car|dress,Answer using only one word - car or dress and not bird. Which is more similar in semantic meaning to bird?,dress
bird|car|flute,Answer using only one word - car or flute and not bird. Which is more similar in semantic meaning to bird?,flute
bird|car|motorcycle,Answer using only one word - car or motorcycle and not bird. Which is more similar in semantic meaning to bird?,motorcycle
bird|carrot|chili,Answer using only one word - carrot or chili and not bird. Which is more similar in semantic meaning to bird?,carrot
bird|carrot|coconut,Answer using only one word - carrot or coconut and not bird. Which is more similar in semantic meaning to bird?,Coconut
bird|carrot|eagle,Answer using only one word - carrot or eagle and not bird. Which is more similar in semantic meaning to bird?,eagle
bird|carrot|fly,Answer using only one word - carrot or fly and not bird. Which is more similar in semantic meaning to bird?,fly
bird|cart|cat,Answer using only one word - cart or cat and not bird. Which is more similar in semantic meaning to bird?,cat
bird|cart|chisel,Answer using only one word - cart or chisel and not bird. Which is more similar in semantic meaning to bird?,chisel
bird|cart|crowbar,Answer using only one word - cart or crowbar and not bird. Which is more similar in semantic meaning to bird?,crowbar
bird|cart|fig,Answer using only one word - cart or fig and not bird. Which is more similar in semantic meaning to bird?,fig
bird|cart|jeans,Answer using only one word - cart or jeans and not bird. Which is more similar in semantic meaning to bird?,jeans
bird|cat|chili,Answer using only one word - cat or chili and not bird. Which is more similar in semantic meaning to bird?,chili
bird|cat|coconut,Answer using only one word - cat or coconut and not bird. Which is more similar in semantic meaning to bird?,coconut
bird|cat|eagle,Answer using only one word - cat or eagle and not bird. Which is more similar in semantic meaning to bird?,eagle
bird|cat|fly,Answer using only one word - cat or fly and not bird. Which is more similar in semantic meaning to bird?,fly
bird|caterpillar|celery,Answer using only one word - caterpillar or celery and not bird. Which is more similar in semantic meaning to bird?,caterpillar
bird|caterpillar|coat,Answer using only one word - caterpillar or coat and not bird. Which is more similar in semantic meaning to bird?,caterpillar
bird|caterpillar|dress,Answer using only one word - caterpillar or dress and not bird. Which is more similar in semantic meaning to bird?,caterpillar
bird|caterpillar|flute,Answer using only one word - caterpillar or flute and not bird. Which is more similar in semantic meaning to bird?,caterpillar
bird|caterpillar|motorcycle,Answer using only one word - caterpillar or motorcycle and not bird. Which is more similar in semantic meaning to bird?,caterpillar
bird|celery|coat,Answer using only one word - celery or coat and not bird. Which is more similar in semantic meaning to bird?,celery
bird|celery|dress,Answer using only one word - celery or dress and not bird. Which is more similar in semantic meaning to bird?,Celery
bird|celery|flute,Answer using only one word - celery or flute and not bird. Which is more similar in semantic meaning to bird?,Flute
bird|celery|motorcycle,Answer using only one word - celery or motorcycle and not bird. Which is more similar in semantic meaning to bird?,celery
bird|chili|coconut,Answer using only one word - chili or coconut and not bird. Which is more similar in semantic meaning to bird?,coconut
bird|chili|eagle,Answer using only one word - chili or eagle and not bird. Which is more similar in semantic meaning to bird?,eagle
bird|chili|fly,Answer using only one word - chili or fly and not bird. Which is more similar in semantic meaning to bird?,fly
bird|chinchilla|chisel,Answer using only one word - chinchilla or chisel and not bird. Which is more similar in semantic meaning to bird?,chinchilla
bird|chinchilla|crowbar,Answer using only one word - chinchilla or crowbar and not bird. Which is more similar in semantic meaning to bird?,chinchilla
bird|chinchilla|fig,Answer using only one word - chinchilla or fig and not bird. Which is more similar in semantic meaning to bird?,fig
bird|chinchilla|jeans,Answer using only one word - chinchilla or jeans and not bird. Which is more similar in semantic meaning to bird?,chinchilla
bird|chisel|coconut,Answer using only one word - chisel or coconut and not bird. Which is more similar in semantic meaning to bird?,Coconut
bird|chisel|eagle,Answer using only one word - chisel or eagle and not bird. Which is more similar in semantic meaning to bird?,Eagle
bird|chisel|fly,Answer using only one word - chisel or fly and not bird. Which is more similar in semantic meaning to bird?,fly
bird|clarinet|coat,Answer using only one word - clarinet or coat and not bird. Which is more similar in semantic meaning to bird?,coat
bird|clarinet|dress,Answer using only one word - clarinet or dress and not bird. Which is more similar in semantic meaning to bird?,clarinet
bird|clarinet|flute,Answer using only one word - clarinet or flute and not bird. Which is more similar in semantic meaning to bird?,flute
bird|clarinet|motorcycle,Answer using only one word - clarinet or motorcycle and not bird. Which is more similar in semantic meaning to bird?,clarinet
bird|coat|dress,Answer using only one word - coat or dress and not bird. Which is more similar in semantic meaning to bird?,coat
bird|coat|flute,Answer using only one word - coat or flute and not bird. Which is more similar in semantic meaning to bird?,flute
bird|coat|motorcycle,Answer using only one word - coat or motorcycle and not bird. Which is more similar in semantic meaning to bird?,coat
bird|coconut|eagle,Answer using only one word - coconut or eagle and not bird. Which is more similar in semantic meaning to bird?,eagle
bird|coconut|fly,Answer using only one word - coconut or fly and not bird. Which is more similar in semantic meaning to bird?,fly
bird|crow|crowbar,Answer using only one word - crow or crowbar and not bird. Which is more similar in semantic meaning to bird?,crow
bird|crow|fig,Answer using only one word - crow or fig and not bird. Which is more similar in semantic meaning to bird?,fig
bird|crow|jeans,Answer using only one word - crow or jeans and not bird. Which is more similar in semantic meaning to bird?,crow
bird|crowbar|eagle,Answer using only one word - crowbar or eagle and not bird. Which is more similar in semantic meaning to bird?,eagle
bird|crowbar|fly,Answer using only one word - crowbar or fly and not bird. Which is more similar in semantic meaning to bird?,fly
bird|dragonfly|dress,Answer using only one word - dragonfly or dress and not bird. Which is more similar in semantic meaning to bird?,dragonfly
bird|dragonfly|flute,Answer using only one word - dragonfly or flute and not bird. Which is more similar in semantic meaning to bird?,flute
bird|dragonfly|motorcycle,Answer using only one word - dragonfly or motorcycle and not bird. Which is more similar in semantic meaning to bird?,dragonfly
bird|dress|flute,Answer using only one word - dress or flute and not bird. Which is more similar in semantic meaning to bird?,flute
bird|dress|motorcycle,Answer using only one word - dress or motorcycle and not bird. Which is more similar in semantic meaning to bird?,dress
bird|eagle|fly,Answer using only one word - eagle or fly and not bird. Which is more similar in semantic meaning to bird?,eagle
bird|eggbeater|fig,Answer using only one word - eggbeater or fig and not bird. Which is more similar in semantic meaning to bird?,eggbeater
bird|eggbeater|jeans,Answer using only one word - eggbeater or jeans and not bird. Which is more similar in semantic meaning to bird?,eggbeater
bird|fig|fly,Answer using only one word - fig or fly and not bird. Which is more similar in semantic meaning to bird?,fly
bird|file|flute,Answer using only one word - file or flute and not bird. Which is more similar in semantic meaning to bird?,flute
bird|file|motorcycle,Answer using only one word - file or motorcycle and not bird. Which is more similar in semantic meaning to bird?,file
bird|flute|motorcycle,Answer using only one word - flute or motorcycle and not bird. Which is more similar in semantic meaning to bird?,flute
bird|grenade|jeans,Answer using only one word - grenade or jeans and not bird. Which is more similar in semantic meaning to bird?,grenade
bird|missile|motorcycle,Answer using only one word - missile or motorcycle and not bird. Which is more similar in semantic meaning to bird?,missile
blender|blowtorch|brussels sprouts,Answer using only one word - blowtorch or brussels sprouts and not blender. Which is more similar in semantic meaning to blender?,brussels
blender|blowtorch|candy,Answer using only one word - blowtorch or candy and not blender. Which is more similar in semantic meaning to blender?,candy
blender|blowtorch|cat,Answer using only one word - blowtorch or cat and not blender. Which is more similar in semantic meaning to blender?,blowtorch
blender|blowtorch|chisel,Answer using only one word - blowtorch or chisel and not blender. Which is more similar in semantic meaning to blender?,chisel
blender|blowtorch|crowbar,Answer using only one word - blowtorch or crowbar and not blender. Which is more similar in semantic meaning to blender?,crowbar
blender|blowtorch|fig,Answer using only one word - blowtorch or fig and not blender. Which is more similar in semantic meaning to blender?,fig
blender|blowtorch|jeans,Answer using only one word - blowtorch or jeans and not blender. Which is more similar in semantic meaning to blender?,blowtorch
blender|blueberry|bread,Answer using only one word - blueberry or bread and not blender. Which is more similar in semantic meaning to blender?,bread
blender|blueberry|candle,Answer using only one word - blueberry or candle and not blender. Which is more similar in semantic meaning to blender?,candle
blender|blueberry|cart,Answer using only one word - blueberry or cart and not blender. Which is more similar in semantic meaning to blender?,cart
blender|blueberry|chinchilla,Answer using only one word - blueberry or chinchilla and not blender. Which is more similar in semantic meaning to blender?,chinchilla
blender|blueberry|crow,Answer using only one word - blueberry or crow and not blender. Which is more similar in semantic meaning to blender?,blueberry
blender|blueberry|eggbeater,Answer using only one word - blueberry or eggbeater and not blender. Which is more similar in semantic meaning to blender?,eggbeater
blender|blueberry|grenade,Answer using only one word - blueberry or grenade and not blender. Which is more similar in semantic meaning to blender?,grenade
blender|boa|bread,Answer using only one word - boa or bread and not blender. Which is more similar in semantic meaning to blender?,boa
blender|boa|candle,Answer using only one word - boa or candle and not blender. Which is more similar in semantic meaning to blender?,candle
blender|boa|cart,Answer using only one word - boa or cart and not blender. Which is more similar in semantic meaning to blender?,cart
blender|boa|chinchilla,Answer using only one word - boa or chinchilla and not blender. Which is more similar in semantic meaning to blender?,chinchilla
blender|boa|crow,Answer using only one word - boa or crow and not blender. Which is more similar in semantic meaning to blender?,crow
blender|boa|eggbeater,Answer using only one word - boa or eggbeater and not blender. Which is more similar in semantic meaning to blender?,eggbeater
blender|boa|grenade,Answer using only one word - boa or grenade and not blender. Which is more similar in semantic meaning to blender?,boa
blender|boar|brussels sprouts,Answer using only one word - boar or brussels sprouts and not blender. Which is more similar in semantic meaning to blender?,brussels
blender|boar|candy,Answer using only one word - boar or candy and not blender. Which is more similar in semantic meaning to blender?,candy
blender|boar|cat,Answer using only one word - boar or cat and not blender. Which is more similar in semantic meaning to blender?,boar
blender|boar|chisel,Answer using only one word - boar or chisel and not blender. Which is more similar in semantic meaning to blender?,chisel
blender|boar|crowbar,Answer using only one word - boar or crowbar and not blender. Which is more similar in semantic meaning to blender?,crowbar
blender|boar|fig,Answer using only one word - boar or fig and not blender. Which is more similar in semantic meaning to blender?,fig
blender|boar|jeans,Answer using only one word - boar or jeans and not blender. Which is more similar in semantic meaning to blender?,jeans
blender|bread|burrito,Answer using only one word - bread or burrito and not blender. Which is more similar in semantic meaning to blender?,bread
blender|bread|car,Answer using only one word - bread or car and not blender. Which is more similar in semantic meaning to blender?,bread
blender|bread|celery,Answer using only one word - bread or celery and not blender. Which is more similar in semantic meaning to blender?,bread
blender|bread|coat,Answer using only one word - bread or coat and not blender. Which is more similar in semantic meaning to blender?,bread
blender|bread|dress,Answer using only one word - bread or dress and not blender. Which is more similar in semantic meaning to blender?,bread
blender|bread|flute,Answer using only one word - bread or flute and not blender. Which is more similar in semantic meaning to blender?,flute
blender|bread|motorcycle,Answer using only one word - bread or motorcycle and not blender. Which is more similar in semantic meaning to blender?,bread
blender|brussels sprouts|candy,Answer using only one word - brussels sprouts or candy and not blender. Which is more similar in semantic meaning to blender?,candy
blender|brussels sprouts|cat,Answer using only one word - brussels sprouts or cat and not blender. Which is more similar in semantic meaning to blender?,brussels sprouts
blender|brussels sprouts|chisel,Answer using only one word - brussels sprouts or chisel and not blender. Which is more similar in semantic meaning to blender?,chisel
blender|brussels sprouts|crowbar,Answer using only one word - brussels sprouts or crowbar and not blender. Which is more similar in semantic meaning to blender?,brussels sprouts
blender|brussels sprouts|fig,Answer using only one word - brussels sprouts or fig and not blender. Which is more similar in semantic meaning to blender?,fig
blender|brussels sprouts|jeans,Answer using only one word - brussels sprouts or jeans and not blender. Which is more similar in semantic meaning to blender?,brussels
blender|bucket|candle,Answer using only one word - bucket or candle and not blender. Which is more similar in semantic meaning to blender?,candle
blender|bucket|cart,Answer using only one word - bucket or cart and not blender. Which is more similar in semantic meaning to blender?,cart
blender|bucket|chinchilla,Answer using only one word - bucket or chinchilla and not blender. Which is more similar in semantic meaning to blender?,chinchilla
blender|bucket|crow,Answer using only one word - bucket or crow and not blender. Which is more similar in semantic meaning to blender?,bucket
blender|bucket|eggbeater,Answer using only one word - bucket or eggbeater and not blender. Which is more similar in semantic meaning to blender?,eggbeater
blender|bucket|grenade,Answer using only one word - bucket or grenade and not blender. Which is more similar in semantic meaning to blender?,bucket
blender|burrito|candle,Answer using only one word - burrito or candle and not blender. Which is more similar in semantic meaning to blender?,burrito
blender|burrito|cart,Answer using only one word - burrito or cart and not blender. Which is more similar in semantic meaning to blender?,cart
blender|burrito|chinchilla,Answer using only one word - burrito or chinchilla and not blender. Which is more similar in semantic meaning to blender?,burrito
blender|burrito|crow,Answer using only one word - burrito or crow and not blender. Which is more similar in semantic meaning to blender?,crow
blender|burrito|eggbeater,Answer using only one word - burrito or eggbeater and not blender. Which is more similar in semantic meaning to blender?,eggbeater
blender|burrito|grenade,Answer using only one word - burrito or grenade and not blender. Which is more similar in semantic meaning to blender?,burrito
blender|cactus|candy,Answer using only one word - cactus or candy and not blender. Which is more similar in semantic meaning to blender?,candy
blender|cactus|cat,Answer using only one word - cactus or cat and not blender. Which is more similar in semantic meaning to blender?,cactus
blender|cactus|chisel,Answer using only one word - cactus or chisel and not blender. Which is more similar in semantic meaning to blender?,chisel
blender|cactus|crowbar,Answer using only one word - cactus or crowbar and not blender. Which is more similar in semantic meaning to blender?,cactus
blender|cactus|fig,Answer using only one word - cactus or fig and not blender. Which is more similar in semantic meaning to blender?,fig
blender|cactus|jeans,Answer using only one word - cactus or jeans and not blender. Which is more similar in semantic meaning to blender?,jeans
blender|candle|car,Answer using only one word - candle or car and not blender. Which is more similar in semantic meaning to blender?,candle
blender|candle|celery,Answer using only one word - candle or celery and not blender. Which is more similar in semantic meaning to blender?,candle
blender|candle|coat,Answer using only one word - candle or coat and not blender. Which is more similar in semantic meaning to blender?,candle
blender|candle|dress,Answer using only one word - candle or dress and not blender. Which is more similar in semantic meaning to blender?,dress
blender|candle|flute,Answer using only one word - candle or flute and not blender. Which is more similar in semantic meaning to blender?,flute
blender|candle|motorcycle,Answer using only one word - candle or motorcycle and not blender. Which is more similar in semantic meaning to blender?,candle
blender|candy|cat,Answer using only one word - candy or cat and not blender. Which is more similar in semantic meaning to blender?,candy
blender|candy|chisel,Answer using only one word - candy or chisel and not blender. Which is more similar in semantic meaning to blender?,candy
blender|candy|crowbar,Answer using only one word - candy or crowbar and not blender. Which is more similar in semantic meaning to blender?,candy
blender|candy|fig,Answer using only one word - candy or fig and not blender. Which is more similar in semantic meaning to blender?,candy
blender|candy|jeans,Answer using only one word - candy or jeans and not blender. Which is more similar in semantic meaning to blender?,candy
blender|cannon|cart,Answer using only one word - cannon or cart and not blender. Which is more similar in semantic meaning to blender?,cart
blender|cannon|chinchilla,Answer using only one word - cannon or chinchilla and not blender. Which is more similar in semantic meaning to blender?,cannon
blender|cannon|crow,Answer using only one word - cannon or crow and not blender. Which is more similar in semantic meaning to blender?,cannon
blender|cannon|eggbeater,Answer using only one word - cannon or eggbeater and not blender. Which is more similar in semantic meaning to blender?,cannon
blender|cannon|grenade,Answer using only one word - cannon or grenade and not blender. Which is more similar in semantic meaning to blender?,cannon
blender|car|cart,Answer using only one word - car or cart and not blender. Which is more similar in semantic meaning to blender?,cart
blender|car|chinchilla,Answer using only one word - car or chinchilla and not blender. Which is more similar in semantic meaning to blender?,chinchilla
blender|car|crow,Answer using only one word - car or crow and not blender. Which is more similar in semantic meaning to blender?,car
blender|car|eggbeater,Answer using only one word - car or eggbeater and not blender. Which is more similar in semantic meaning to blender?,eggbeater
blender|car|grenade,Answer using only one word - car or grenade and not blender. Which is more similar in semantic meaning to blender?,car
blender|carrot|cat,Answer using only one word - carrot or cat and not blender. Which is more similar in semantic meaning to blender?,carrot
blender|carrot|chisel,Answer using only one word - carrot or chisel and not blender. Which is more similar in semantic meaning to blender?,chisel
blender|carrot|crowbar,Answer using only one word - carrot or crowbar and not blender. Which is more similar in semantic meaning to blender?,carrot
blender|carrot|fig,Answer using only one word - carrot or fig and not blender. Which is more similar in semantic meaning to blender?,fig
blender|carrot|jeans,Answer using only one word - carrot or jeans and not blender. Which is more similar in semantic meaning to blender?,carrot
blender|cart|celery,Answer using only one word - cart or celery and not blender. Which is more similar in semantic meaning to blender?,celery
blender|cart|coat,Answer using only one word - cart or coat and not blender. Which is more similar in semantic meaning to blender?,coat
blender|cart|dress,Answer using only one word - cart or dress and not blender. Which is more similar in semantic meaning to blender?,dress
blender|cart|flute,Answer using only one word - cart or flute and not blender. Which is more similar in semantic meaning to blender?,flute
blender|cart|motorcycle,Answer using only one word - cart or motorcycle and not blender. Which is more similar in semantic meaning to blender?,motorcycle
blender|cat|chisel,Answer using only one word - cat or chisel and not blender. Which is more similar in semantic meaning to blender?,chisel
blender|cat|crowbar,Answer using only one word - cat or crowbar and not blender. Which is more similar in semantic meaning to blender?,crowbar
blender|cat|fig,Answer using only one word - cat or fig and not blender. Which is more similar in semantic meaning to blender?,fig
blender|cat|jeans,Answer using only one word - cat or jeans and not blender. Which is more similar in semantic meaning to blender?,jeans
blender|caterpillar|chinchilla,Answer using only one word - caterpillar or chinchilla and not blender. Which is more similar in semantic meaning to blender?,caterpillar
blender|caterpillar|crow,Answer using only one word - caterpillar or crow and not blender. Which is more similar in semantic meaning to blender?,caterpillar
blender|caterpillar|eggbeater,Answer using only one word - caterpillar or eggbeater and not blender. Which is more similar in semantic meaning to blender?,eggbeater
blender|caterpillar|grenade,Answer using only one word - caterpillar or grenade and not blender. Which is more similar in semantic meaning to blender?,caterpillar
blender|celery|chinchilla,Answer using only one word - celery or chinchilla and not blender. Which is more similar in semantic meaning to blender?,chinchilla
blender|celery|crow,Answer using only one word - celery or crow and not blender. Which is more similar in semantic meaning to blender?,celery
blender|celery|eggbeater,Answer using only one word - celery or eggbeater and not blender. Which is more similar in semantic meaning to blender?,eggbeater
blender|celery|grenade,Answer using only one word - celery or grenade and not blender. Which is more similar in semantic meaning to blender?,celery
blender|chili|chisel,Answer using only one word - chili or chisel and not blender. Which is more similar in semantic meaning to blender?,chili
blender|chili|crowbar,Answer using only one word - chili or crowbar and not blender. Which is more similar in semantic meaning to blender?,chili
blender|chili|fig,Answer using only one word - chili or fig and not blender. Which is more similar in semantic meaning to blender?,chili
blender|chili|jeans,Answer using only one word - chili or jeans and not blender. Which is more similar in semantic meaning to blender?,chili
blender|chinchilla|coat,Answer using only one word - chinchilla or coat and not blender. Which is more similar in semantic meaning to blender?,coat
blender|chinchilla|dress,Answer using only one word - chinchilla or dress and not blender. Which is more similar in semantic meaning to blender?,dress
blender|chinchilla|flute,Answer using only one word - chinchilla or flute and not blender. Which is more similar in semantic meaning to blender?,flute
blender|chinchilla|motorcycle,Answer using only one word - chinchilla or motorcycle and not blender. Which is more similar in semantic meaning to blender?,chinchilla
blender|chisel|crowbar,Answer using only one word - chisel or crowbar and not blender. Which is more similar in semantic meaning to blender?,Chisel
blender|chisel|fig,Answer using only one word - chisel or fig and not blender. Which is more similar in semantic meaning to blender?,chisel
blender|chisel|jeans,Answer using only one word - chisel or jeans and not blender. Which is more similar in semantic meaning to blender?,chisel
blender|clarinet|crow,Answer using only one word - clarinet or crow and not blender. Which is more similar in semantic meaning to blender?,crow
blender|clarinet|eggbeater,Answer using only one word - clarinet or eggbeater and not blender. Which is more similar in semantic meaning to blender?,eggbeater
blender|clarinet|grenade,Answer using only one word - clarinet or grenade and not blender. Which is more similar in semantic meaning to blender?,grenade
blender|coat|crow,Answer using only one word - coat or crow and not blender. Which is more similar in semantic meaning to blender?,crow
blender|coat|eggbeater,Answer using only one word - coat or eggbeater and not blender. Which is more similar in semantic meaning to blender?,eggbeater
blender|coat|grenade,Answer using only one word - coat or grenade and not blender. Which is more similar in semantic meaning to blender?,coat
blender|coconut|crowbar,Answer using only one word - coconut or crowbar and not blender. Which is more similar in semantic meaning to blender?,coconut
blender|coconut|fig,Answer using only one word - coconut or fig and not blender. Which is more similar in semantic meaning to blender?,fig
blender|coconut|jeans,Answer using only one word - coconut or jeans and not blender. Which is more similar in semantic meaning to blender?,coconut
blender|crow|dress,Answer using only one word - crow or dress and not blender. Which is more similar in semantic meaning to blender?,dress
blender|crow|flute,Answer using only one word - crow or flute and not blender. Which is more similar in semantic meaning to blender?,flute
blender|crow|motorcycle,Answer using only one word - crow or motorcycle and not blender. Which is more similar in semantic meaning to blender?,motorcycle
blender|crowbar|fig,Answer using only one word - crowbar or fig and not blender. Which is more similar in semantic meaning to blender?,fig
blender|crowbar|jeans,Answer using only one word - crowbar or jeans and not blender. Which is more similar in semantic meaning to blender?,crowbar
blender|dragonfly|eggbeater,Answer using only one word - dragonfly or eggbeater and not blender. Which is more similar in semantic meaning to blender?,eggbeater
blender|dragonfly|grenade,Answer using only one word - dragonfly or grenade and not blender. Which is more similar in semantic meaning to blender?,grenade
blender|dress|eggbeater,Answer using only one word - dress or eggbeater and not blender. Which is more similar in semantic meaning to blender?,eggbeater
blender|dress|grenade,Answer using only one word - dress or grenade and not blender. Which is more similar in semantic meaning to blender?,dress
blender|eagle|fig,Answer using only one word - eagle or fig and not blender. Which is more similar in semantic meaning to blender?,fig
blender|eagle|jeans,Answer using only one word - eagle or jeans and not blender. Which is more similar in semantic meaning to blender?,eagle
blender|eggbeater|flute,Answer using only one word - eggbeater or flute and not blender. Which is more similar in semantic meaning to blender?,eggbeater
blender|eggbeater|motorcycle,Answer using only one word - eggbeater or motorcycle and not blender. Which is more similar in semantic meaning to blender?,Eggbeater
blender|fig|jeans,Answer using only one word - fig or jeans and not blender. Which is more similar in semantic meaning to blender?,fig
blender|file|grenade,Answer using only one word - file or grenade and not blender. Which is more similar in semantic meaning to blender?,file
blender|flute|grenade,Answer using only one word - flute or grenade and not blender. Which is more similar in semantic meaning to blender?,flute
blender|fly|jeans,Answer using only one word - fly or jeans and not blender. Which is more similar in semantic meaning to blender?,fly
blender|grenade|motorcycle,Answer using only one word - grenade or motorcycle and not blender. Which is more similar in semantic meaning to blender?,grenade
blowtorch|blueberry|boar,Answer using only one word - blueberry or boar and not blowtorch. Which is more similar in semantic meaning to blowtorch?,boar
blowtorch|blueberry|cactus,Answer using only one word - blueberry or cactus and not blowtorch. Which is more similar in semantic meaning to blowtorch?,cactus
blowtorch|blueberry|carrot,Answer using only one word - blueberry or carrot and not blowtorch. Which is more similar in semantic meaning to blowtorch?,carrot
blowtorch|blueberry|chili,Answer using only one word - blueberry or chili and not blowtorch. Which is more similar in semantic meaning to blowtorch?,chili
blowtorch|blueberry|coconut,Answer using only one word - blueberry or coconut and not blowtorch. Which is more similar in semantic meaning to blowtorch?,coconut
blowtorch|blueberry|eagle,Answer using only one word - blueberry or eagle and not blowtorch. Which is more similar in semantic meaning to blowtorch?,eagle
blowtorch|blueberry|fly,Answer using only one word - blueberry or fly and not blowtorch. Which is more similar in semantic meaning to blowtorch?,fly
blowtorch|boa|boar,Answer using only one word - boa or boar and not blowtorch. Which is more similar in semantic meaning to blowtorch?,boar
blowtorch|boa|cactus,Answer using only one word - boa or cactus and not blowtorch. Which is more similar in semantic meaning to blowtorch?,cactus
blowtorch|boa|carrot,Answer using only one word - boa or carrot and not blowtorch. Which is more similar in semantic meaning to blowtorch?,boa
blowtorch|boa|chili,Answer using only one word - boa or chili and not blowtorch. Which is more similar in semantic meaning to blowtorch?,chili
blowtorch|boa|coconut,Answer using only one word - boa or coconut and not blowtorch. Which is more similar in semantic meaning to blowtorch?,boa
blowtorch|boa|eagle,Answer using only one word - boa or eagle and not blowtorch. Which is more similar in semantic meaning to blowtorch?,eagle
blowtorch|boa|fly,Answer using only one word - boa or fly and not blowtorch. Which is more similar in semantic meaning to blowtorch?,fly
blowtorch|boar|bread,Answer using only one word - boar or bread and not blowtorch. Which is more similar in semantic meaning to blowtorch?,boar
blowtorch|boar|candle,Answer using only one word - boar or candle and not blowtorch. Which is more similar in semantic meaning to blowtorch?,candle
blowtorch|boar|cart,Answer using only one word - boar or cart and not blowtorch. Which is more similar in semantic meaning to blowtorch?,cart
blowtorch|boar|chinchilla,Answer using only one word - boar or chinchilla and not blowtorch. Which is more similar in semantic meaning to blowtorch?,boar
blowtorch|boar|crow,Answer using only one word - boar or crow and not blowtorch. Which is more similar in semantic meaning to blowtorch?,boar
blowtorch|boar|eggbeater,Answer using only one word - boar or eggbeater and not blowtorch. Which is more similar in semantic meaning to blowtorch?,boar
blowtorch|boar|grenade,Answer using only one word - boar or grenade and not blowtorch. Which is more similar in semantic meaning to blowtorch?,grenade
blowtorch|bread|bucket,Answer using only one word - bread or bucket and not blowtorch. Which is more similar in semantic meaning to blowtorch?,bucket
blowtorch|bread|cannon,Answer using only one word - bread or cannon and not blowtorch. Which is more similar in semantic meaning to blowtorch?,cannon
blowtorch|bread|caterpillar,Answer using only one word - bread or caterpillar and not blowtorch. Which is more similar in semantic meaning to blowtorch?,caterpillar
blowtorch|bread|clarinet,Answer using only one word - bread or clarinet and not blowtorch. Which is more similar in semantic meaning to blowtorch?,clarinet
blowtorch|bread|dragonfly,Answer using only one word - bread or dragonfly and not blowtorch. Which is more similar in semantic meaning to blowtorch?,dragonfly
blowtorch|bread|file,Answer using only one word - bread or file and not blowtorch. Which is more similar in semantic meaning to blowtorch?,file
blowtorch|bread|missile,Answer using only one word - bread or missile and not blowtorch. Which is more similar in semantic meaning to blowtorch?,missile
blowtorch|brussels sprouts|candle,Answer using only one word - brussels sprouts or candle and not blowtorch. Which is more similar in semantic meaning to blowtorch?,candle
blowtorch|brussels sprouts|cart,Answer using only one word - brussels sprouts or cart and not blowtorch. Which is more similar in semantic meaning to blowtorch?,cart
blowtorch|brussels sprouts|chinchilla,Answer using only one word - brussels sprouts or chinchilla and not blowtorch. Which is more similar in semantic meaning to blowtorch?,chinchilla
blowtorch|brussels sprouts|crow,Answer using only one word - brussels sprouts or crow and not blowtorch. Which is more similar in semantic meaning to blowtorch?,crow
blowtorch|brussels sprouts|eggbeater,Answer using only one word - brussels sprouts or eggbeater and not blowtorch. Which is more similar in semantic meaning to blowtorch?,eggbeater
blowtorch|brussels sprouts|grenade,Answer using only one word - brussels sprouts or grenade and not blowtorch. Which is more similar in semantic meaning to blowtorch?,grenade
blowtorch|bucket|cactus,Answer using only one word - bucket or cactus and not blowtorch. Which is more similar in semantic meaning to blowtorch?,cactus
blowtorch|bucket|carrot,Answer using only one word - bucket or carrot and not blowtorch. Which is more similar in semantic meaning to blowtorch?,bucket
blowtorch|bucket|chili,Answer using only one word - bucket or chili and not blowtorch. Which is more similar in semantic meaning to blowtorch?,chili
blowtorch|bucket|coconut,Answer using only one word - bucket or coconut and not blowtorch. Which is more similar in semantic meaning to blowtorch?,coconut
blowtorch|bucket|eagle,Answer using only one word - bucket or eagle and not blowtorch. Which is more similar in semantic meaning to blowtorch?,eagle
blowtorch|bucket|fly,Answer using only one word - bucket or fly and not blowtorch. Which is more similar in semantic meaning to blowtorch?,fly
blowtorch|burrito|cactus,Answer using only one word - burrito or cactus and not blowtorch. Which is more similar in semantic meaning to blowtorch?,cactus
blowtorch|burrito|carrot,Answer using only one word - burrito or carrot and not blowtorch. Which is more similar in semantic meaning to blowtorch?,burrito
blowtorch|burrito|chili,Answer using only one word - burrito or chili and not blowtorch. Which is more similar in semantic meaning to blowtorch?,chili
blowtorch|burrito|coconut,Answer using only one word - burrito or coconut and not blowtorch. Which is more similar in semantic meaning to blowtorch?,coconut
blowtorch|burrito|eagle,Answer using only one word - burrito or eagle and not blowtorch. Which is more similar in semantic meaning to blowtorch?,eagle
blowtorch|burrito|fly,Answer using only one word - burrito or fly and not blowtorch. Which is more similar in semantic meaning to blowtorch?,fly
blowtorch|cactus|candle,Answer using only one word - cactus or candle and not blowtorch. Which is more similar in semantic meaning to blowtorch?,candle
blowtorch|cactus|cart,Answer using only one word - cactus or cart and not blowtorch. Which is more similar in semantic meaning to blowtorch?,cactus
blowtorch|cactus|chinchilla,Answer using only one word - cactus or chinchilla and not blowtorch. Which is more similar in semantic meaning to blowtorch?,cactus
blowtorch|cactus|crow,Answer using only one word - cactus or crow and not blowtorch. Which is more similar in semantic meaning to blowtorch?,cactus
blowtorch|cactus|eggbeater,Answer using only one word - cactus or eggbeater and not blowtorch. Which is more similar in semantic meaning to blowtorch?,cactus
blowtorch|cactus|grenade,Answer using only one word - cactus or grenade and not blowtorch. Which is more similar in semantic meaning to blowtorch?,grenade
blowtorch|candle|cannon,Answer using only one word - candle or cannon and not blowtorch. Which is more similar in semantic meaning to blowtorch?,cannon
blowtorch|candle|caterpillar,Answer using only one word - candle or caterpillar and not blowtorch. Which is more similar in semantic meaning to blowtorch?,caterpillar
blowtorch|candle|clarinet,Answer using only one word - candle or clarinet and not blowtorch. Which is more similar in semantic meaning to blowtorch?,clarinet
blowtorch|candle|dragonfly,Answer using only one word - candle or dragonfly and not blowtorch. Which is more similar in semantic meaning to blowtorch?,dragonfly
blowtorch|candle|file,Answer using only one word - candle or file and not blowtorch. Which is more similar in semantic meaning to blowtorch?,file
blowtorch|candle|missile,Answer using only one word - candle or missile and not blowtorch. Which is more similar in semantic meaning to blowtorch?,missile
blowtorch|candy|cart,Answer using only one word - candy or cart and not blowtorch. Which is more similar in semantic meaning to blowtorch?,candy
blowtorch|candy|chinchilla,Answer using only one word - candy or chinchilla and not blowtorch. Which is more similar in semantic meaning to blowtorch?,candy
blowtorch|candy|crow,Answer using only one word - candy or crow and not blowtorch. Which is more similar in semantic meaning to blowtorch?,candy
blowtorch|candy|eggbeater,Answer using only one word - candy or eggbeater and not blowtorch. Which is more similar in semantic meaning to blowtorch?,eggbeater
blowtorch|candy|grenade,Answer using only one word - candy or grenade and not blowtorch. Which is more similar in semantic meaning to blowtorch?,grenade
blowtorch|cannon|carrot,Answer using only one word - cannon or carrot and not blowtorch. Which is more similar in semantic meaning to blowtorch?,cannon
blowtorch|cannon|chili,Answer using only one word - cannon or chili and not blowtorch. Which is more similar in semantic meaning to blowtorch?,cannon
blowtorch|cannon|coconut,Answer using only one word - cannon or coconut and not blowtorch. Which is more similar in semantic meaning to blowtorch?,cannon
blowtorch|cannon|eagle,Answer using only one word - cannon or eagle and not blowtorch. Which is more similar in semantic meaning to blowtorch?,eagle
blowtorch|cannon|fly,Answer using only one word - cannon or fly and not blowtorch. Which is more similar in semantic meaning to blowtorch?,cannon
blowtorch|car|carrot,Answer using only one word - car or carrot and not blowtorch. Which is more similar in semantic meaning to blowtorch?,car
blowtorch|car|chili,Answer using only one word - car or chili and not blowtorch. Which is more similar in semantic meaning to blowtorch?,chili
blowtorch|car|coconut,Answer using only one word - car or coconut and not blowtorch. Which is more similar in semantic meaning to blowtorch?,coconut
blowtorch|car|eagle,Answer using only one word - car or eagle and not blowtorch. Which is more similar in semantic meaning to blowtorch?,eagle
blowtorch|car|fly,Answer using only one word - car or fly and not blowtorch. Which is more similar in semantic meaning to blowtorch?,fly
blowtorch|carrot|cart,Answer using only one word - carrot or cart and not blowtorch. Which is more similar in semantic meaning to blowtorch?,carrot
blowtorch|carrot|chinchilla,Answer using only one word - carrot or chinchilla and not blowtorch. Which is more similar in semantic meaning to blowtorch?,chinchilla
blowtorch|carrot|crow,Answer using only one word - carrot or crow and not blowtorch. Which is more similar in semantic meaning to blowtorch?,crow
blowtorch|carrot|eggbeater,Answer using only one word - carrot or eggbeater and not blowtorch. Which is more similar in semantic meaning to blowtorch?,eggbeater
blowtorch|carrot|grenade,Answer using only one word - carrot or grenade and not blowtorch. Which is more similar in semantic meaning to blowtorch?,grenade
blowtorch|cart|caterpillar,Answer using only one word - cart or caterpillar and not blowtorch. Which is more similar in semantic meaning to blowtorch?,caterpillar
blowtorch|cart|clarinet,Answer using only one word - cart or clarinet and not blowtorch. Which is more similar in semantic meaning to blowtorch?,clarinet
blowtorch|cart|dragonfly,Answer using only one word - cart or dragonfly and not blowtorch. Which is more similar in semantic meaning to blowtorch?,dragonfly
blowtorch|cart|file,Answer using only one word - cart or file and not blowtorch. Which is more similar in semantic meaning to blowtorch?,file
blowtorch|cart|missile,Answer using only one word - cart or missile and not blowtorch. Which is more similar in semantic meaning to blowtorch?,missile
blowtorch|cat|chinchilla,Answer using only one word - cat or chinchilla and not blowtorch. Which is more similar in semantic meaning to blowtorch?,chinchilla
blowtorch|cat|crow,Answer using only one word - cat or crow and not blowtorch. Which is more similar in semantic meaning to blowtorch?,crow
blowtorch|cat|eggbeater,Answer using only one word - cat or eggbeater and not blowtorch. Which is more similar in semantic meaning to blowtorch?,eggbeater
blowtorch|cat|grenade,Answer using only one word - cat or grenade and not blowtorch. Which is more similar in semantic meaning to blowtorch?,grenade
blowtorch|caterpillar|chili,Answer using only one word - caterpillar or chili and not blowtorch. Which is more similar in semantic meaning to blowtorch?,caterpillar
blowtorch|caterpillar|coconut,Answer using only one word - caterpillar or coconut and not blowtorch. Which is more similar in semantic meaning to blowtorch?,caterpillar
blowtorch|caterpillar|eagle,Answer using only one word - caterpillar or eagle and not blowtorch. Which is more similar in semantic meaning to blowtorch?,eagle
blowtorch|caterpillar|fly,Answer using only one word - caterpillar or fly and not blowtorch. Which is more similar in semantic meaning to blowtorch?,fly
blowtorch|celery|chili,Answer using only one word - celery or chili and not blowtorch. Which is more similar in semantic meaning to blowtorch?,chili
blowtorch|celery|coconut,Answer using only one word - celery or coconut and not blowtorch. Which is more similar in semantic meaning to blowtorch?,coconut
blowtorch|celery|eagle,Answer using only one word - celery or eagle and not blowtorch. Which is more similar in semantic meaning to blowtorch?,eagle
blowtorch|celery|fly,Answer using only one word - celery or fly and not blowtorch. Which is more similar in semantic meaning to blowtorch?,fly
blowtorch|chili|chinchilla,Answer using only one word - chili or chinchilla and not blowtorch. Which is more similar in semantic meaning to blowtorch?,chili
blowtorch|chili|crow,Answer using only one word - chili or crow and not blowtorch. Which is more similar in semantic meaning to blowtorch?,chili
blowtorch|chili|eggbeater,Answer using only one word - chili or eggbeater and not blowtorch. Which is more similar in semantic meaning to blowtorch?,chili
blowtorch|chili|grenade,Answer using only one word - chili or grenade and not blowtorch. Which is more similar in semantic meaning to blowtorch?,grenade
blowtorch|chinchilla|clarinet,Answer using only one word - chinchilla or clarinet and not blowtorch. Which is more similar in semantic meaning to blowtorch?,clarinet
blowtorch|chinchilla|dragonfly,Answer using only one word - chinchilla or dragonfly and not blowtorch. Which is more similar in semantic meaning to blowtorch?,dragonfly
blowtorch|chinchilla|file,Answer using only one word - chinchilla or file and not blowtorch. Which is more similar in semantic meaning to blowtorch?,file
blowtorch|chinchilla|missile,Answer using only one word - chinchilla or missile and not blowtorch. Which is more similar in semantic meaning to blowtorch?,missile
blowtorch|chisel|crow,Answer using only one word - chisel or crow and not blowtorch. Which is more similar in semantic meaning to blowtorch?,Chisel
blowtorch|chisel|eggbeater,Answer using only one word - chisel or eggbeater and not blowtorch. Which is more similar in semantic meaning to blowtorch?,Chisel
blowtorch|chisel|grenade,Answer using only one word - chisel or grenade and not blowtorch. Which is more similar in semantic meaning to blowtorch?,Chisel
blowtorch|clarinet|coconut,Answer using only one word - clarinet or coconut and not blowtorch. Which is more similar in semantic meaning to blowtorch?,coconut
blowtorch|clarinet|eagle,Answer using only one word - clarinet or eagle and not blowtorch. Which is more similar in semantic meaning to blowtorch?,eagle
blowtorch|clarinet|fly,Answer using only one word - clarinet or fly and not blowtorch. Which is more similar in semantic meaning to blowtorch?,fly
blowtorch|coat|coconut,Answer using only one word - coat or coconut and not blowtorch. Which is more similar in semantic meaning to blowtorch?,coconut
blowtorch|coat|eagle,Answer using only one word - coat or eagle and not blowtorch. Which is more similar in semantic meaning to blowtorch?,eagle
blowtorch|coat|fly,Answer using only one word - coat or fly and not blowtorch. Which is more similar in semantic meaning to blowtorch?,fly
blowtorch|coconut|crow,Answer using only one word - coconut or crow and not blowtorch. Which is more similar in semantic meaning to blowtorch?,coconut
blowtorch|coconut|eggbeater,Answer using only one word - coconut or eggbeater and not blowtorch. Which is more similar in semantic meaning to blowtorch?,eggbeater
blowtorch|coconut|grenade,Answer using only one word - coconut or grenade and not blowtorch. Which is more similar in semantic meaning to blowtorch?,grenade
blowtorch|crow|dragonfly,Answer using only one word - crow or dragonfly and not blowtorch. Which is more similar in semantic meaning to blowtorch?,dragonfly
blowtorch|crow|file,Answer using only one word - crow or file and not blowtorch. Which is more similar in semantic meaning to blowtorch?,file
blowtorch|crow|missile,Answer using only one word - crow or missile and not blowtorch. Which is more similar in semantic meaning to blowtorch?,missile
blowtorch|crowbar|eggbeater,Answer using only one word - crowbar or eggbeater and not blowtorch. Which is more similar in semantic meaning to blowtorch?,crowbar
blowtorch|crowbar|grenade,Answer using only one word - crowbar or grenade and not blowtorch. Which is more similar in semantic meaning to blowtorch?,grenade
blowtorch|dragonfly|eagle,Answer using only one word - dragonfly or eagle and not blowtorch. Which is more similar in semantic meaning to blowtorch?,eagle
blowtorch|dragonfly|fly,Answer using only one word - dragonfly or fly and not blowtorch. Which is more similar in semantic meaning to blowtorch?,fly
blowtorch|dress|eagle,Answer using only one word - dress or eagle and not blowtorch. Which is more similar in semantic meaning to blowtorch?,eagle
blowtorch|dress|fly,Answer using only one word - dress or fly and not blowtorch. Which is more similar in semantic meaning to blowtorch?,fly
blowtorch|eagle|eggbeater,Answer using only one word - eagle or eggbeater and not blowtorch. Which is more similar in semantic meaning to blowtorch?,eagle
blowtorch|eagle|grenade,Answer using only one word - eagle or grenade and not blowtorch. Which is more similar in semantic meaning to blowtorch?,grenade
blowtorch|eggbeater|file,Answer using only one word - eggbeater or file and not blowtorch. Which is more similar in semantic meaning to blowtorch?,file
blowtorch|eggbeater|missile,Answer using only one word - eggbeater or missile and not blowtorch. Which is more similar in semantic meaning to blowtorch?,missile
blowtorch|fig|grenade,Answer using only one word - fig or grenade and not blowtorch. Which is more similar in semantic meaning to blowtorch?,grenade
blowtorch|file|fly,Answer using only one word - file or fly and not blowtorch. Which is more similar in semantic meaning to blowtorch?,fly
blowtorch|flute|fly,Answer using only one word - flute or fly and not blowtorch. Which is more similar in semantic meaning to blowtorch?,fly
blowtorch|fly|grenade,Answer using only one word - fly or grenade and not blowtorch. Which is more similar in semantic meaning to blowtorch?,grenade
blowtorch|grenade|missile,Answer using only one word - grenade or missile and not blowtorch. Which is more similar in semantic meaning to blowtorch?,grenade
blueberry|boa|boar,Answer using only one word - boa or boar and not blueberry. Which is more similar in semantic meaning to blueberry?,boa
blueberry|boa|cactus,Answer using only one word - boa or cactus and not blueberry. Which is more similar in semantic meaning to blueberry?,cactus
blueberry|boa|carrot,Answer using only one word - boa or carrot and not blueberry. Which is more similar in semantic meaning to blueberry?,carrot
blueberry|boa|chili,Answer using only one word - boa or chili and not blueberry. Which is more similar in semantic meaning to blueberry?,chili
blueberry|boa|coconut,Answer using only one word - boa or coconut and not blueberry. Which is more similar in semantic meaning to blueberry?,Coconut
blueberry|boa|eagle,Answer using only one word - boa or eagle and not blueberry. Which is more similar in semantic meaning to blueberry?,boa
blueberry|boa|fly,Answer using only one word - boa or fly and not blueberry. Which is more similar in semantic meaning to blueberry?,boa
blueberry|boar|bread,Answer using only one word - boar or bread and not blueberry. Which is more similar in semantic meaning to blueberry?,bread
blueberry|boar|candle,Answer using only one word - boar or candle and not blueberry. Which is more similar in semantic meaning to blueberry?,candle
blueberry|boar|cart,Answer using only one word - boar or cart and not blueberry. Which is more similar in semantic meaning to blueberry?,cart
blueberry|boar|chinchilla,Answer using only one word - boar or chinchilla and not blueberry. Which is more similar in semantic meaning to blueberry?,Chinchilla
blueberry|boar|crow,Answer using only one word - boar or crow and not blueberry. Which is more similar in semantic meaning to blueberry?,crow
blueberry|boar|eggbeater,Answer using only one word - boar or eggbeater and not blueberry. Which is more similar in semantic meaning to blueberry?,boar
blueberry|boar|grenade,Answer using only one word - boar or grenade and not blueberry. Which is more similar in semantic meaning to blueberry?,boar
blueberry|bread|bucket,Answer using only one word - bread or bucket and not blueberry. Which is more similar in semantic meaning to blueberry?,bucket
blueberry|bread|cannon,Answer using only one word - bread or cannon and not blueberry. Which is more similar in semantic meaning to blueberry?,bread
blueberry|bread|caterpillar,Answer using only one word - bread or caterpillar and not blueberry. Which is more similar in semantic meaning to blueberry?,bread
blueberry|bread|clarinet,Answer using only one word - bread or clarinet and not blueberry. Which is more similar in semantic meaning to blueberry?,bread
blueberry|bread|dragonfly,Answer using only one word - bread or dragonfly and not blueberry. Which is more similar in semantic meaning to blueberry?,bread
blueberry|bread|file,Answer using only one word - bread or file and not blueberry. Which is more similar in semantic meaning to blueberry?,bread
blueberry|bread|missile,Answer using only one word - bread or missile and not blueberry. Which is more similar in semantic meaning to blueberry?,bread
blueberry|brussels sprouts|candle,Answer using only one word - brussels sprouts or candle and not blueberry. Which is more similar in semantic meaning to blueberry?,brussels sprouts
blueberry|brussels sprouts|cart,Answer using only one word - brussels sprouts or cart and not blueberry. Which is more similar in semantic meaning to blueberry?,brussels
blueberry|brussels sprouts|chinchilla,Answer using only one word - brussels sprouts or chinchilla and not blueberry. Which is more similar in semantic meaning to blueberry?,brussels
blueberry|brussels sprouts|crow,Answer using only one word - brussels sprouts or crow and not blueberry. Which is more similar in semantic meaning to blueberry?,brussels
blueberry|brussels sprouts|eggbeater,Answer using only one word - brussels sprouts or eggbeater and not blueberry. Which is more similar in semantic meaning to blueberry?,brussels
blueberry|brussels sprouts|grenade,Answer using only one word - brussels sprouts or grenade and not blueberry. Which is more similar in semantic meaning to blueberry?,brussels
blueberry|bucket|cactus,Answer using only one word - bucket or cactus and not blueberry. Which is more similar in semantic meaning to blueberry?,bucket
blueberry|bucket|carrot,Answer using only one word - bucket or carrot and not blueberry. Which is more similar in semantic meaning to blueberry?,carrot
blueberry|bucket|chili,Answer using only one word - bucket or chili and not blueberry. Which is more similar in semantic meaning to blueberry?,chili
blueberry|bucket|coconut,Answer using only one word - bucket or coconut and not blueberry. Which is more similar in semantic meaning to blueberry?,bucket
blueberry|bucket|eagle,Answer using only one word - bucket or eagle and not blueberry. Which is more similar in semantic meaning to blueberry?,bucket
blueberry|bucket|fly,Answer using only one word - bucket or fly and not blueberry. Which is more similar in semantic meaning to blueberry?,bucket
blueberry|burrito|cactus,Answer using only one word - burrito or cactus and not blueberry. Which is more similar in semantic meaning to blueberry?,burrito
blueberry|burrito|carrot,Answer using only one word - burrito or carrot and not blueberry. Which is more similar in semantic meaning to blueberry?,carrot
blueberry|burrito|chili,Answer using only one word - burrito or chili and not blueberry. Which is more similar in semantic meaning to blueberry?,chili
blueberry|burrito|coconut,Answer using only one word - burrito or coconut and not blueberry. Which is more similar in semantic meaning to blueberry?,coconut
blueberry|burrito|eagle,Answer using only one word - burrito or eagle and not blueberry. Which is more similar in semantic meaning to blueberry?,burrito
blueberry|burrito|fly,Answer using only one word - burrito or fly and not blueberry. Which is more similar in semantic meaning to blueberry?,burrito
blueberry|cactus|candle,Answer using only one word - cactus or candle and not blueberry. Which is more similar in semantic meaning to blueberry?,cactus
blueberry|cactus|cart,Answer using only one word - cactus or cart and not blueberry. Which is more similar in semantic meaning to blueberry?,cactus
blueberry|cactus|chinchilla,Answer using only one word - cactus or chinchilla and not blueberry. Which is more similar in semantic meaning to blueberry?,cactus
blueberry|cactus|crow,Answer using only one word - cactus or crow and not blueberry. Which is more similar in semantic meaning to blueberry?,cactus
blueberry|cactus|eggbeater,Answer using only one word - cactus or eggbeater and not blueberry. Which is more similar in semantic meaning to blueberry?,cactus
blueberry|cactus|grenade,Answer using only one word - cactus or grenade and not blueberry. Which is more similar in semantic meaning to blueberry?,cactus
blueberry|candle|cannon,Answer using only one word - candle or cannon and not blueberry. Which is more similar in semantic meaning to blueberry?,candle
blueberry|candle|caterpillar,Answer using only one word - candle or caterpillar and not blueberry. Which is more similar in semantic meaning to blueberry?,caterpillar
blueberry|candle|clarinet,Answer using only one word - candle or clarinet and not blueberry. Which is more similar in semantic meaning to blueberry?,candle
blueberry|candle|dragonfly,Answer using only one word - candle or dragonfly and not blueberry. Which is more similar in semantic meaning to blueberry?,candle
blueberry|candle|file,Answer using only one word - candle or file and not blueberry. Which is more similar in semantic meaning to blueberry?,candle
blueberry|candle|missile,Answer using only one word - candle or missile and not blueberry. Which is more similar in semantic meaning to blueberry?,candle
blueberry|candy|cart,Answer using only one word - candy or cart and not blueberry. Which is more similar in semantic meaning to blueberry?,candy
blueberry|candy|chinchilla,Answer using only one word - candy or chinchilla and not blueberry. Which is more similar in semantic meaning to blueberry?,candy
blueberry|candy|crow,Answer using only one word - candy or crow and not blueberry. Which is more similar in semantic meaning to blueberry?,candy
blueberry|candy|eggbeater,Answer using only one word - candy or eggbeater and not blueberry. Which is more similar in semantic meaning to blueberry?,candy
blueberry|candy|grenade,Answer using only one word - candy or grenade and not blueberry. Which is more similar in semantic meaning to blueberry?,candy
blueberry|cannon|carrot,Answer using only one word - cannon or carrot and not blueberry. Which is more similar in semantic meaning to blueberry?,carrot
blueberry|cannon|chili,Answer using only one word - cannon or chili and not blueberry. Which is more similar in semantic meaning to blueberry?,chili
blueberry|cannon|coconut,Answer using only one word - cannon or coconut and not blueberry. Which is more similar in semantic meaning to blueberry?,coconut
blueberry|cannon|eagle,Answer using only one word - cannon or eagle and not blueberry. Which is more similar in semantic meaning to blueberry?,Eagle
blueberry|cannon|fly,Answer using only one word - cannon or fly and not blueberry. Which is more similar in semantic meaning to blueberry?,fly
blueberry|car|carrot,Answer using only one word - car or carrot and not blueberry. Which is more similar in semantic meaning to blueberry?,carrot
blueberry|car|chili,Answer using only one word - car or chili and not blueberry. Which is more similar in semantic meaning to blueberry?,chili
blueberry|car|coconut,Answer using only one word - car or coconut and not blueberry. Which is more similar in semantic meaning to blueberry?,coconut
blueberry|car|eagle,Answer using only one word - car or eagle and not blueberry. Which is more similar in semantic meaning to blueberry?,car
blueberry|car|fly,Answer using only one word - car or fly and not blueberry. Which is more similar in semantic meaning to blueberry?,fly
blueberry|carrot|cart,Answer using only one word - carrot or cart and not blueberry. Which is more similar in semantic meaning to blueberry?,carrot
blueberry|carrot|chinchilla,Answer using only one word - carrot or chinchilla and not blueberry. Which is more similar in semantic meaning to blueberry?,carrot
blueberry|carrot|crow,Answer using only one word - carrot or crow and not blueberry. Which is more similar in semantic meaning to blueberry?,carrot
blueberry|carrot|eggbeater,Answer using only one word - carrot or eggbeater and not blueberry. Which is more similar in semantic meaning to blueberry?,carrot
blueberry|carrot|grenade,Answer using only one word - carrot or grenade and not blueberry. Which is more similar in semantic meaning to blueberry?,carrot
blueberry|cart|caterpillar,Answer using only one word - cart or caterpillar and not blueberry. Which is more similar in semantic meaning to blueberry?,caterpillar
blueberry|cart|clarinet,Answer using only one word - cart or clarinet and not blueberry. Which is more similar in semantic meaning to blueberry?,clarinet
blueberry|cart|dragonfly,Answer using only one word - cart or dragonfly and not blueberry. Which is more similar in semantic meaning to blueberry?,dragonfly
blueberry|cart|file,Answer using only one word - cart or file and not blueberry. Which is more similar in semantic meaning to blueberry?,file
blueberry|cart|missile,Answer using only one word - cart or missile and not blueberry. Which is more similar in semantic meaning to blueberry?,cart
blueberry|cat|chinchilla,Answer using only one word - cat or chinchilla and not blueberry. Which is more similar in semantic meaning to blueberry?,chinchilla
blueberry|cat|crow,Answer using only one word - cat or crow and not blueberry. Which is more similar in semantic meaning to blueberry?,crow
blueberry|cat|eggbeater,Answer using only one word - cat or eggbeater and not blueberry. Which is more similar in semantic meaning to blueberry?,cat
blueberry|cat|grenade,Answer using only one word - cat or grenade and not blueberry. Which is more similar in semantic meaning to blueberry?,cat
blueberry|caterpillar|chili,Answer using only one word - caterpillar or chili and not blueberry. Which is more similar in semantic meaning to blueberry?,chili
blueberry|caterpillar|coconut,Answer using only one word - caterpillar or coconut and not blueberry. Which is more similar in semantic meaning to blueberry?,caterpillar
blueberry|caterpillar|eagle,Answer using only one word - caterpillar or eagle and not blueberry. Which is more similar in semantic meaning to blueberry?,caterpillar
blueberry|caterpillar|fly,Answer using only one word - caterpillar or fly and not blueberry. Which is more similar in semantic meaning to blueberry?,fly
blueberry|celery|chili,Answer using only one word - celery or chili and not blueberry. Which is more similar in semantic meaning to blueberry?,celery
blueberry|celery|coconut,Answer using only one word - celery or coconut and not blueberry. Which is more similar in semantic meaning to blueberry?,celery
blueberry|celery|eagle,Answer using only one word - celery or eagle and not blueberry. Which is more similar in semantic meaning to blueberry?,celery
blueberry|celery|fly,Answer using only one word - celery or fly and not blueberry. Which is more similar in semantic meaning to blueberry?,celery
blueberry|chili|chinchilla,Answer using only one word - chili or chinchilla and not blueberry. Which is more similar in semantic meaning to blueberry?,chili
blueberry|chili|crow,Answer using only one word - chili or crow and not blueberry. Which is more similar in semantic meaning to blueberry?,chili
blueberry|chili|eggbeater,Answer using only one word - chili or eggbeater and not blueberry. Which is more similar in semantic meaning to blueberry?,chili
blueberry|chili|grenade,Answer using only one word - chili or grenade and not blueberry. Which is more similar in semantic meaning to blueberry?,chili
blueberry|chinchilla|clarinet,Answer using only one word - chinchilla or clarinet and not blueberry. Which is more similar in semantic meaning to blueberry?,Chinchilla
blueberry|chinchilla|dragonfly,Answer using only one word - chinchilla or dragonfly and not blueberry. Which is more similar in semantic meaning to blueberry?,chinchilla
blueberry|chinchilla|file,Answer using only one word - chinchilla or file and not blueberry. Which is more similar in semantic meaning to blueberry?,file
blueberry|chinchilla|missile,Answer using only one word - chinchilla or missile and not blueberry. Which is more similar in semantic meaning to blueberry?,chinchilla
blueberry|chisel|crow,Answer using only one word - chisel or crow and not blueberry. Which is more similar in semantic meaning to blueberry?,Crow
blueberry|chisel|eggbeater,Answer using only one word - chisel or eggbeater and not blueberry. Which is more similar in semantic meaning to blueberry?,Chisel
blueberry|chisel|grenade,Answer using only one word - chisel or grenade and not blueberry. Which is more similar in semantic meaning to blueberry?,Chisel
blueberry|clarinet|coconut,Answer using only one word - clarinet or coconut and not blueberry. Which is more similar in semantic meaning to blueberry?,Coconut
blueberry|clarinet|eagle,Answer using only one word - clarinet or eagle and not blueberry. Which is more similar in semantic meaning to blueberry?,Eagle
blueberry|clarinet|fly,Answer using only one word - clarinet or fly and not blueberry. Which is more similar in semantic meaning to blueberry?,fly
blueberry|coat|coconut,Answer using only one word - coat or coconut and not blueberry. Which is more similar in semantic meaning to blueberry?,Coconut
blueberry|coat|eagle,Answer using only one word - coat or eagle and not blueberry. Which is more similar in semantic meaning to blueberry?,coat
blueberry|coat|fly,Answer using only one word - coat or fly and not blueberry. Which is more similar in semantic meaning to blueberry?,coat
blueberry|coconut|crow,Answer using only one word - coconut or crow and not blueberry. Which is more similar in semantic meaning to blueberry?,coconut
blueberry|coconut|eggbeater,Answer using only one word - coconut or eggbeater and not blueberry. Which is more similar in semantic meaning to blueberry?,coconut
blueberry|coconut|grenade,Answer using only one word - coconut or grenade and not blueberry. Which is more similar in semantic meaning to blueberry?,coconut
blueberry|crow|dragonfly,Answer using only one word - crow or dragonfly and not blueberry. Which is more similar in semantic meaning to blueberry?,crow
blueberry|crow|file,Answer using only one word - crow or file and not blueberry. Which is more similar in semantic meaning to blueberry?,crow
blueberry|crow|missile,Answer using only one word - crow or missile and not blueberry. Which is more similar in semantic meaning to blueberry?,crow
blueberry|crowbar|eggbeater,Answer using only one word - crowbar or eggbeater and not blueberry. Which is more similar in semantic meaning to blueberry?,crowbar
blueberry|crowbar|grenade,Answer using only one word - crowbar or grenade and not blueberry. Which is more similar in semantic meaning to blueberry?,crowbar
blueberry|dragonfly|eagle,Answer using only one word - dragonfly or eagle and not blueberry. Which is more similar in semantic meaning to blueberry?,dragonfly
blueberry|dragonfly|fly,Answer using only one word - dragonfly or fly and not blueberry. Which is more similar in semantic meaning to blueberry?,fly
blueberry|dress|eagle,Answer using only one word - dress or eagle and not blueberry. Which is more similar in semantic meaning to blueberry?,dress
blueberry|dress|fly,Answer using only one word - dress or fly and not blueberry. Which is more similar in semantic meaning to blueberry?,dress
blueberry|eagle|eggbeater,Answer using only one word - eagle or eggbeater and not blueberry. Which is more similar in semantic meaning to blueberry?,Eagle
blueberry|eagle|grenade,Answer using only one word - eagle or grenade and not blueberry. Which is more similar in semantic meaning to blueberry?,eagle
blueberry|eggbeater|file,Answer using only one word - eggbeater or file and not blueberry. Which is more similar in semantic meaning to blueberry?,file
blueberry|eggbeater|missile,Answer using only one word - eggbeater or missile and not blueberry. Which is more similar in semantic meaning to blueberry?,eggbeater
blueberry|fig|grenade,Answer using only one word - fig or grenade and not blueberry. Which is more similar in semantic meaning to blueberry?,fig
blueberry|file|fly,Answer using only one word - file or fly and not blueberry. Which is more similar in semantic meaning to blueberry?,file
blueberry|flute|fly,Answer using only one word - flute or fly and not blueberry. Which is more similar in semantic meaning to blueberry?,flute
blueberry|fly|grenade,Answer using only one word - fly or grenade and not blueberry. Which is more similar in semantic meaning to blueberry?,fly
blueberry|grenade|missile,Answer using only one word - grenade or missile and not blueberry. Which is more similar in semantic meaning to blueberry?,grenade
boa|boar|bread,Answer using only one word - boar or bread and not boa. Which is more similar in semantic meaning to boa?,boar
boa|boar|candle,Answer using only one word - boar or candle and not boa. Which is more similar in semantic meaning to boa?,candle
boa|boar|cart,Answer using only one word - boar or cart and not boa. Which is more similar in semantic meaning to boa?,boar
boa|boar|chinchilla,Answer using only one word - boar or chinchilla and not boa. Which is more similar in semantic meaning to boa?,Chinchilla
boa|boar|crow,Answer using only one word - boar or crow and not boa. Which is more similar in semantic meaning to boa?,boar
boa|boar|eggbeater,Answer using only one word - boar or eggbeater and not boa. Which is more similar in semantic meaning to boa?,Boar
boa|boar|grenade,Answer using only one word - boar or grenade and not boa. Which is more similar in semantic meaning to boa?,boar
boa|bread|bucket,Answer using only one word - bread or bucket and not boa. Which is more similar in semantic meaning to boa?,bucket
boa|bread|cannon,Answer using only one word - bread or cannon and not boa. Which is more similar in semantic meaning to boa?,cannon
boa|bread|caterpillar,Answer using only one word - bread or caterpillar and not boa. Which is more similar in semantic meaning to boa?,caterpillar
boa|bread|clarinet,Answer using only one word - bread or clarinet and not boa. Which is more similar in semantic meaning to boa?,bread
boa|bread|dragonfly,Answer using only one word - bread or dragonfly and not boa. Which is more similar in semantic meaning to boa?,dragonfly
boa|bread|file,Answer using only one word - bread or file and not boa. Which is more similar in semantic meaning to boa?,file
boa|bread|missile,Answer using only one word - bread or missile and not boa. Which is more similar in semantic meaning to boa?,bread
boa|brussels sprouts|candle,Answer using only one word - brussels sprouts or candle and not boa. Which is more similar in semantic meaning to boa?,candle
boa|brussels sprouts|cart,Answer using only one word - brussels sprouts or cart and not boa. Which is more similar in semantic meaning to boa?,cart
boa|brussels sprouts|chinchilla,Answer using only one word - brussels sprouts or chinchilla and not boa. Which is more similar in semantic meaning to boa?,Chinchilla
boa|brussels sprouts|crow,Answer using only one word - brussels sprouts or crow and not boa. Which is more similar in semantic meaning to boa?,crow
boa|brussels sprouts|eggbeater,Answer using only one word - brussels sprouts or eggbeater and not boa. Which is more similar in semantic meaning to boa?,brussels sprouts
boa|brussels sprouts|grenade,Answer using only one word - brussels sprouts or grenade and not boa. Which is more similar in semantic meaning to boa?,grenade
boa|bucket|cactus,Answer using only one word - bucket or cactus and not boa. Which is more similar in semantic meaning to boa?,cactus
boa|bucket|carrot,Answer using only one word - bucket or carrot and not boa. Which is more similar in semantic meaning to boa?,carrot
boa|bucket|chili,Answer using only one word - bucket or chili and not boa. Which is more similar in semantic meaning to boa?,chili
boa|bucket|coconut,Answer using only one word - bucket or coconut and not boa. Which is more similar in semantic meaning to boa?,coconut
boa|bucket|eagle,Answer using only one word - bucket or eagle and not boa. Which is more similar in semantic meaning to boa?,eagle
boa|bucket|fly,Answer using only one word - bucket or fly and not boa. Which is more similar in semantic meaning to boa?,fly
boa|burrito|cactus,Answer using only one word - burrito or cactus and not boa. Which is more similar in semantic meaning to boa?,cactus
boa|burrito|carrot,Answer using only one word - burrito or carrot and not boa. Which is more similar in semantic meaning to boa?,burrito
boa|burrito|chili,Answer using only one word - burrito or chili and not boa. Which is more similar in semantic meaning to boa?,chili
boa|burrito|coconut,Answer using only one word - burrito or coconut and not boa. Which is more similar in semantic meaning to boa?,coconut
boa|burrito|eagle,Answer using only one word - burrito or eagle and not boa. Which is more similar in semantic meaning to boa?,eagle
boa|burrito|fly,Answer using only one word - burrito or fly and not boa. Which is more similar in semantic meaning to boa?,fly
boa|cactus|candle,Answer using only one word - cactus or candle and not boa. Which is more similar in semantic meaning to boa?,cactus
boa|cactus|cart,Answer using only one word - cactus or cart and not boa. Which is more similar in semantic meaning to boa?,cactus
boa|cactus|chinchilla,Answer using only one word - cactus or chinchilla and not boa. Which is more similar in semantic meaning to boa?,Chinchilla
boa|cactus|crow,Answer using only one word - cactus or crow and not boa. Which is more similar in semantic meaning to boa?,cactus
boa|cactus|eggbeater,Answer using only one word - cactus or eggbeater and not boa. Which is more similar in semantic meaning to boa?,cactus
boa|cactus|grenade,Answer using only one word - cactus or grenade and not boa. Which is more similar in semantic meaning to boa?,cactus
boa|candle|cannon,Answer using only one word - candle or cannon and not boa. Which is more similar in semantic meaning to boa?,cannon
boa|candle|caterpillar,Answer using only one word - candle or caterpillar and not boa. Which is more similar in semantic meaning to boa?,caterpillar
boa|candle|clarinet,Answer using only one word - candle or clarinet and not boa. Which is more similar in semantic meaning to boa?,candle
boa|candle|dragonfly,Answer using only one word - candle or dragonfly and not boa. Which is more similar in semantic meaning to boa?,dragonfly
boa|candle|file,Answer using only one word - candle or file and not boa. Which is more similar in semantic meaning to boa?,candle
boa|candle|missile,Answer using only one word - candle or missile and not boa. Which is more similar in semantic meaning to boa?,candle
boa|candy|cart,Answer using only one word - candy or cart and not boa. Which is more similar in semantic meaning to boa?,candy
boa|candy|chinchilla,Answer using only one word - candy or chinchilla and not boa. Which is more similar in semantic meaning to boa?,chinchilla
boa|candy|crow,Answer using only one word - candy or crow and not boa. Which is more similar in semantic meaning to boa?,candy
boa|candy|eggbeater,Answer using only one word - candy or eggbeater and not boa. Which is more similar in semantic meaning to boa?,candy
boa|candy|grenade,Answer using only one word - candy or grenade and not boa. Which is more similar in semantic meaning to boa?,candy
boa|cannon|carrot,Answer using only one word - cannon or carrot and not boa. Which is more similar in semantic meaning to boa?,cannon
boa|cannon|chili,Answer using only one word - cannon or chili and not boa. Which is more similar in semantic meaning to boa?,cannon
boa|cannon|coconut,Answer using only one word - cannon or coconut and not boa. Which is more similar in semantic meaning to boa?,cannon
boa|cannon|eagle,Answer using only one word - cannon or eagle and not boa. Which is more similar in semantic meaning to boa?,eagle
boa|cannon|fly,Answer using only one word - cannon or fly and not boa. Which is more similar in semantic meaning to boa?,cannon
boa|car|carrot,Answer using only one word - car or carrot and not boa. Which is more similar in semantic meaning to boa?,carrot
boa|car|chili,Answer using only one word - car or chili and not boa. Which is more similar in semantic meaning to boa?,chili
boa|car|coconut,Answer using only one word - car or coconut and not boa. Which is more similar in semantic meaning to boa?,coconut
boa|car|eagle,Answer using only one word - car or eagle and not boa. Which is more similar in semantic meaning to boa?,eagle
boa|car|fly,Answer using only one word - car or fly and not boa. Which is more similar in semantic meaning to boa?,fly
boa|carrot|cart,Answer using only one word - carrot or cart and not boa. Which is more similar in semantic meaning to boa?,carrot
boa|carrot|chinchilla,Answer using only one word - carrot or chinchilla and not boa. Which is more similar in semantic meaning to boa?,chinchilla
boa|carrot|crow,Answer using only one word - carrot or crow and not boa. Which is more similar in semantic meaning to boa?,crow
boa|carrot|eggbeater,Answer using only one word - carrot or eggbeater and not boa. Which is more similar in semantic meaning to boa?,carrot
boa|carrot|grenade,Answer using only one word - carrot or grenade and not boa. Which is more similar in semantic meaning to boa?,carrot
boa|cart|caterpillar,Answer using only one word - cart or caterpillar and not boa. Which is more similar in semantic meaning to boa?,caterpillar
boa|cart|clarinet,Answer using only one word - cart or clarinet and not boa. Which is more similar in semantic meaning to boa?,clarinet
boa|cart|dragonfly,Answer using only one word - cart or dragonfly and not boa. Which is more similar in semantic meaning to boa?,dragonfly
boa|cart|file,Answer using only one word - cart or file and not boa. Which is more similar in semantic meaning to boa?,file
boa|cart|missile,Answer using only one word - cart or missile and not boa. Which is more similar in semantic meaning to boa?,cart
boa|cat|chinchilla,Answer using only one word - cat or chinchilla and not boa. Which is more similar in semantic meaning to boa?,chinchilla
boa|cat|crow,Answer using only one word - cat or crow and not boa. Which is more similar in semantic meaning to boa?,crow
boa|cat|eggbeater,Answer using only one word - cat or eggbeater and not boa. Which is more similar in semantic meaning to boa?,eggbeater
boa|cat|grenade,Answer using only one word - cat or grenade and not boa. Which is more similar in semantic meaning to boa?,cat
boa|caterpillar|chili,Answer using only one word - caterpillar or chili and not boa. Which is more similar in semantic meaning to boa?,caterpillar
boa|caterpillar|coconut,Answer using only one word - caterpillar or coconut and not boa. Which is more similar in semantic meaning to boa?,caterpillar
boa|caterpillar|eagle,Answer using only one word - caterpillar or eagle and not boa. Which is more similar in semantic meaning to boa?,caterpillar
boa|caterpillar|fly,Answer using only one word - caterpillar or fly and not boa. Which is more similar in semantic meaning to boa?,caterpillar
boa|celery|chili,Answer using only one word - celery or chili and not boa. Which is more similar in semantic meaning to boa?,Chili
boa|celery|coconut,Answer using only one word - celery or coconut and not boa. Which is more similar in semantic meaning to boa?,Coconut
boa|celery|eagle,Answer using only one word - celery or eagle and not boa. Which is more similar in semantic meaning to boa?,eagle
boa|celery|fly,Answer using only one word - celery or fly and not boa. Which is more similar in semantic meaning to boa?,fly
boa|chili|chinchilla,Answer using only one word - chili or chinchilla and not boa. Which is more similar in semantic meaning to boa?,Chinchilla
boa|chili|crow,Answer using only one word - chili or crow and not boa. Which is more similar in semantic meaning to boa?,chili
boa|chili|eggbeater,Answer using only one word - chili or eggbeater and not boa. Which is more similar in semantic meaning to boa?,chili
boa|chili|grenade,Answer using only one word - chili or grenade and not boa. Which is more similar in semantic meaning to boa?,chili
boa|chinchilla|clarinet,Answer using only one word - chinchilla or clarinet and not boa. Which is more similar in semantic meaning to boa?,Chinchilla
boa|chinchilla|dragonfly,Answer using only one word - chinchilla or dragonfly and not boa. Which is more similar in semantic meaning to boa?,Chinchilla
boa|chinchilla|file,Answer using only one word - chinchilla or file and not boa. Which is more similar in semantic meaning to boa?,Chinchilla
boa|chinchilla|missile,Answer using only one word - chinchilla or missile and not boa. Which is more similar in semantic meaning to boa?,chinchilla
boa|chisel|crow,Answer using only one word - chisel or crow and not boa. Which is more similar in semantic meaning to boa?,crow
boa|chisel|eggbeater,Answer using only one word - chisel or eggbeater and not boa. Which is more similar in semantic meaning to boa?,Chisel
boa|chisel|grenade,Answer using only one word - chisel or grenade and not boa. Which is more similar in semantic meaning to boa?,Chisel
boa|clarinet|coconut,Answer using only one word - clarinet or coconut and not boa. Which is more similar in semantic meaning to boa?,coconut
boa|clarinet|eagle,Answer using only one word - clarinet or eagle and not boa. Which is more similar in semantic meaning to boa?,eagle
boa|clarinet|fly,Answer using only one word - clarinet or fly and not boa. Which is more similar in semantic meaning to boa?,fly
boa|coat|coconut,Answer using only one word - coat or coconut and not boa. Which is more similar in semantic meaning to boa?,coat
boa|coat|eagle,Answer using only one word - coat or eagle and not boa. Which is more similar in semantic meaning to boa?,coat
boa|coat|fly,Answer using only one word - coat or fly and not boa. Which is more similar in semantic meaning to boa?,coat
boa|coconut|crow,Answer using only one word - coconut or crow and not boa. Which is more similar in semantic meaning to boa?,crow
boa|coconut|eggbeater,Answer using only one word - coconut or eggbeater and not boa. Which is more similar in semantic meaning to boa?,coconut
boa|coconut|grenade,Answer using only one word - coconut or grenade and not boa. Which is more similar in semantic meaning to boa?,coconut
boa|crow|dragonfly,Answer using only one word - crow or dragonfly and not boa. Which is more similar in semantic meaning to boa?,dragonfly
boa|crow|file,Answer using only one word - crow or file and not boa. Which is more similar in semantic meaning to boa?,file
boa|crow|missile,Answer using only one word - crow or missile and not boa. Which is more similar in semantic meaning to boa?,missile
boa|crowbar|eggbeater,Answer using only one word - crowbar or eggbeater and not boa. Which is more similar in semantic meaning to boa?,crowbar
boa|crowbar|grenade,Answer using only one word - crowbar or grenade and not boa. Which is more similar in semantic meaning to boa?,gadget
boa|dragonfly|eagle,Answer using only one word - dragonfly or eagle and not boa. Which is more similar in semantic meaning to boa?,eagle
boa|dragonfly|fly,Answer using only one word - dragonfly or fly and not boa. Which is more similar in semantic meaning to boa?,fly
boa|dress|eagle,Answer using only one word - dress or eagle and not boa. Which is more similar in semantic meaning to boa?,dress
boa|dress|fly,Answer using only one word - dress or fly and not boa. Which is more similar in semantic meaning to boa?,dress
boa|eagle|eggbeater,Answer using only one word - eagle or eggbeater and not boa. Which is more similar in semantic meaning to boa?,Eagle
boa|eagle|grenade,Answer using only one word - eagle or grenade and not boa. Which is more similar in semantic meaning to boa?,eagle
boa|eggbeater|file,Answer using only one word - eggbeater or file and not boa. Which is more similar in semantic meaning to boa?,file
boa|eggbeater|missile,Answer using only one word - eggbeater or missile and not boa. Which is more similar in semantic meaning to boa?,missile
boa|fig|grenade,Answer using only one word - fig or grenade and not boa. Which is more similar in semantic meaning to boa?,fig
boa|file|fly,Answer using only one word - file or fly and not boa. Which is more similar in semantic meaning to boa?,file
boa|flute|fly,Answer using only one word - flute or fly and not boa. Which is more similar in semantic meaning to boa?,flute
boa|fly|grenade,Answer using only one word - fly or grenade and not boa. Which is more similar in semantic meaning to boa?,globe
boa|grenade|missile,Answer using only one word - grenade or missile and not boa. Which is more similar in semantic meaning to boa?,missile
boar|bread|brussels sprouts,Answer using only one word - bread or brussels sprouts and not boar. Which is more similar in semantic meaning to boar?,bread
boar|bread|candy,Answer using only one word - bread or candy and not boar. Which is more similar in semantic meaning to boar?,bread
boar|bread|cat,Answer using only one word - bread or cat and not boar. Which is more similar in semantic meaning to boar?,bread
boar|bread|chisel,Answer using only one word - bread or chisel and not boar. Which is more similar in semantic meaning to boar?,chisel
boar|bread|crowbar,Answer using only one word - bread or crowbar and not boar. Which is more similar in semantic meaning to boar?,bread
boar|bread|fig,Answer using only one word - bread or fig and not boar. Which is more similar in semantic meaning to boar?,bread
boar|bread|jeans,Answer using only one word - bread or jeans and not boar. Which is more similar in semantic meaning to boar?,bread
boar|brussels sprouts|cactus,Answer using only one word - brussels sprouts or cactus and not boar. Which is more similar in semantic meaning to boar?,Brussels
boar|brussels sprouts|carrot,Answer using only one word - brussels sprouts or carrot and not boar. Which is more similar in semantic meaning to boar?,brussels
boar|brussels sprouts|chili,Answer using only one word - brussels sprouts or chili and not boar. Which is more similar in semantic meaning to boar?,chili
boar|brussels sprouts|coconut,Answer using only one word - brussels sprouts or coconut and not boar. Which is more similar in semantic meaning to boar?,Coconut
boar|brussels sprouts|eagle,Answer using only one word - brussels sprouts or eagle and not boar. Which is more similar in semantic meaning to boar?,Eagle
boar|brussels sprouts|fly,Answer using only one word - brussels sprouts or fly and not boar. Which is more similar in semantic meaning to boar?,Fly
boar|bucket|burrito,Answer using only one word - bucket or burrito and not boar. Which is more similar in semantic meaning to boar?,bucket
boar|bucket|car,Answer using only one word - bucket or car and not boar. Which is more similar in semantic meaning to boar?,bucket
boar|bucket|celery,Answer using only one word - bucket or celery and not boar. Which is more similar in semantic meaning to boar?,bucket
boar|bucket|coat,Answer using only one word - bucket or coat and not boar. Which is more similar in semantic meaning to boar?,bucket
boar|bucket|dress,Answer using only one word - bucket or dress and not boar. Which is more similar in semantic meaning to boar?,bucket
boar|bucket|flute,Answer using only one word - bucket or flute and not boar. Which is more similar in semantic meaning to boar?,bucket
boar|bucket|motorcycle,Answer using only one word - bucket or motorcycle and not boar. Which is more similar in semantic meaning to boar?,bucket
boar|burrito|car,Answer using only one word - burrito or car and not boar. Which is more similar in semantic meaning to boar?,burrito
boar|burrito|celery,Answer using only one word - burrito or celery and not boar. Which is more similar in semantic meaning to boar?,Burrito
boar|burrito|coat,Answer using only one word - burrito or coat and not boar. Which is more similar in semantic meaning to boar?,coat
boar|burrito|dress,Answer using only one word - burrito or dress and not boar. Which is more similar in semantic meaning to boar?,burrito
boar|burrito|flute,Answer using only one word - burrito or flute and not boar. Which is more similar in semantic meaning to boar?,Burrito
boar|burrito|motorcycle,Answer using only one word - burrito or motorcycle and not boar. Which is more similar in semantic meaning to boar?,burrito
boar|cactus|carrot,Answer using only one word - cactus or carrot and not boar. Which is more similar in semantic meaning to boar?,cactus
boar|cactus|chili,Answer using only one word - cactus or chili and not boar. Which is more similar in semantic meaning to boar?,chili
boar|cactus|coconut,Answer using only one word - cactus or coconut and not boar. Which is more similar in semantic meaning to boar?,cactus
boar|cactus|eagle,Answer using only one word - cactus or eagle and not boar. Which is more similar in semantic meaning to boar?,cactus
boar|cactus|fly,Answer using only one word - cactus or fly and not boar. Which is more similar in semantic meaning to boar?,cactus
boar|candle|candy,Answer using only one word - candle or candy and not boar. Which is more similar in semantic meaning to boar?,candle
boar|candle|cat,Answer using only one word - candle or cat and not boar. Which is more similar in semantic meaning to boar?,candle
boar|candle|chisel,Answer using only one word - candle or chisel and not boar. Which is more similar in semantic meaning to boar?,chisel
boar|candle|crowbar,Answer using only one word - candle or crowbar and not boar. Which is more similar in semantic meaning to boar?,candle
boar|candle|fig,Answer using only one word - candle or fig and not boar. Which is more similar in semantic meaning to boar?,fig
boar|candle|jeans,Answer using only one word - candle or jeans and not boar. Which is more similar in semantic meaning to boar?,jeans
boar|candy|carrot,Answer using only one word - candy or carrot and not boar. Which is more similar in semantic meaning to boar?,candy
boar|candy|chili,Answer using only one word - candy or chili and not boar. Which is more similar in semantic meaning to boar?,chili
boar|candy|coconut,Answer using only one word - candy or coconut and not boar. Which is more similar in semantic meaning to boar?,candy
boar|candy|eagle,Answer using only one word - candy or eagle and not boar. Which is more similar in semantic meaning to boar?,candy
boar|candy|fly,Answer using only one word - candy or fly and not boar. Which is more similar in semantic meaning to boar?,fly
boar|cannon|car,Answer using only one word - cannon or car and not boar. Which is more similar in semantic meaning to boar?,cannon
boar|cannon|celery,Answer using only one word - cannon or celery and not boar. Which is more similar in semantic meaning to boar?,cannon
boar|cannon|coat,Answer using only one word - cannon or coat and not boar. Which is more similar in semantic meaning to boar?,cannon
boar|cannon|dress,Answer using only one word - cannon or dress and not boar. Which is more similar in semantic meaning to boar?,cannon
boar|cannon|flute,Answer using only one word - cannon or flute and not boar. Which is more similar in semantic meaning to boar?,cannon
boar|cannon|motorcycle,Answer using only one word - cannon or motorcycle and not boar. Which is more similar in semantic meaning to boar?,cannon
boar|car|celery,Answer using only one word - car or celery and not boar. Which is more similar in semantic meaning to boar?,car
boar|car|coat,Answer using only one word - car or coat and not boar. Which is more similar in semantic meaning to boar?,coat
boar|car|dress,Answer using only one word - car or dress and not boar. Which is more similar in semantic meaning to boar?,car
boar|car|flute,Answer using only one word - car or flute and not boar. Which is more similar in semantic meaning to boar?,car
boar|car|motorcycle,Answer using only one word - car or motorcycle and not boar. Which is more similar in semantic meaning to boar?,car
boar|carrot|chili,Answer using only one word - carrot or chili and not boar. Which is more similar in semantic meaning to boar?,carrot
boar|carrot|coconut,Answer using only one word - carrot or coconut and not boar. Which is more similar in semantic meaning to boar?,carrot
boar|carrot|eagle,Answer using only one word - carrot or eagle and not boar. Which is more similar in semantic meaning to boar?,carrot
boar|carrot|fly,Answer using only one word - carrot or fly and not boar. Which is more similar in semantic meaning to boar?,carrot
boar|cart|cat,Answer using only one word - cart or cat and not boar. Which is more similar in semantic meaning to boar?,cart
boar|cart|chisel,Answer using only one word - cart or chisel and not boar. Which is more similar in semantic meaning to boar?,Chisel
boar|cart|crowbar,Answer using only one word - cart or crowbar and not boar. Which is more similar in semantic meaning to boar?,crowbar
boar|cart|fig,Answer using only one word - cart or fig and not boar. Which is more similar in semantic meaning to boar?,fig
boar|cart|jeans,Answer using only one word - cart or jeans and not boar. Which is more similar in semantic meaning to boar?,jeans
boar|cat|chili,Answer using only one word - cat or chili and not boar. Which is more similar in semantic meaning to boar?,chili
boar|cat|coconut,Answer using only one word - cat or coconut and not boar. Which is more similar in semantic meaning to boar?,coconut
boar|cat|eagle,Answer using only one word - cat or eagle and not boar. Which is more similar in semantic meaning to boar?,eagle
boar|cat|fly,Answer using only one word - cat or fly and not boar. Which is more similar in semantic meaning to boar?,fly
boar|caterpillar|celery,Answer using only one word - caterpillar or celery and not boar. Which is more similar in semantic meaning to boar?,caterpillar
boar|caterpillar|coat,Answer using only one word - caterpillar or coat and not boar. Which is more similar in semantic meaning to boar?,caterpillar
boar|caterpillar|dress,Answer using only one word - caterpillar or dress and not boar. Which is more similar in semantic meaning to boar?,caterpillar
boar|caterpillar|flute,Answer using only one word - caterpillar or flute and not boar. Which is more similar in semantic meaning to boar?,caterpillar
boar|caterpillar|motorcycle,Answer using only one word - caterpillar or motorcycle and not boar. Which is more similar in semantic meaning to boar?,caterpillar
boar|celery|coat,Answer using only one word - celery or coat and not boar. Which is more similar in semantic meaning to boar?,coat
boar|celery|dress,Answer using only one word - celery or dress and not boar. Which is more similar in semantic meaning to boar?,dress
boar|celery|flute,Answer using only one word - celery or flute and not boar. Which is more similar in semantic meaning to boar?,Flute
boar|celery|motorcycle,Answer using only one word - celery or motorcycle and not boar. Which is more similar in semantic meaning to boar?,celery
boar|chili|coconut,Answer using only one word - chili or coconut and not boar. Which is more similar in semantic meaning to boar?,chili
boar|chili|eagle,Answer using only one word - chili or eagle and not boar. Which is more similar in semantic meaning to boar?,chili
boar|chili|fly,Answer using only one word - chili or fly and not boar. Which is more similar in semantic meaning to boar?,chili
boar|chinchilla|chisel,Answer using only one word - chinchilla or chisel and not boar. Which is more similar in semantic meaning to boar?,Chisel
boar|chinchilla|crowbar,Answer using only one word - chinchilla or crowbar and not boar. Which is more similar in semantic meaning to boar?,Chinchilla
boar|chinchilla|fig,Answer using only one word - chinchilla or fig and not boar. Which is more similar in semantic meaning to boar?,chinchilla
boar|chinchilla|jeans,Answer using only one word - chinchilla or jeans and not boar. Which is more similar in semantic meaning to boar?,Chinchilla
boar|chisel|coconut,Answer using only one word - chisel or coconut and not boar. Which is more similar in semantic meaning to boar?,Chisel
boar|chisel|eagle,Answer using only one word - chisel or eagle and not boar. Which is more similar in semantic meaning to boar?,Chisel
boar|chisel|fly,Answer using only one word - chisel or fly and not boar. Which is more similar in semantic meaning to boar?,Chisel
boar|clarinet|coat,Answer using only one word - clarinet or coat and not boar. Which is more similar in semantic meaning to boar?,coat
boar|clarinet|dress,Answer using only one word - clarinet or dress and not boar. Which is more similar in semantic meaning to boar?,Dress
boar|clarinet|flute,Answer using only one word - clarinet or flute and not boar. Which is more similar in semantic meaning to boar?,Flute
boar|clarinet|motorcycle,Answer using only one word - clarinet or motorcycle and not boar. Which is more similar in semantic meaning to boar?,motorcycle
boar|coat|dress,Answer using only one word - coat or dress and not boar. Which is more similar in semantic meaning to boar?,coat
boar|coat|flute,Answer using only one word - coat or flute and not boar. Which is more similar in semantic meaning to boar?,coat
boar|coat|motorcycle,Answer using only one word - coat or motorcycle and not boar. Which is more similar in semantic meaning to boar?,coat
boar|coconut|eagle,Answer using only one word - coconut or eagle and not boar. Which is more similar in semantic meaning to boar?,Coconut
boar|coconut|fly,Answer using only one word - coconut or fly and not boar. Which is more similar in semantic meaning to boar?,Coconut
boar|crow|crowbar,Answer using only one word - crow or crowbar and not boar. Which is more similar in semantic meaning to boar?,crowbar
boar|crow|fig,Answer using only one word - crow or fig and not boar. Which is more similar in semantic meaning to boar?,fig
boar|crow|jeans,Answer using only one word - crow or jeans and not boar. Which is more similar in semantic meaning to boar?,crow
boar|crowbar|eagle,Answer using only one word - crowbar or eagle and not boar. Which is more similar in semantic meaning to boar?,crowbar
boar|crowbar|fly,Answer using only one word - crowbar or fly and not boar. Which is more similar in semantic meaning to boar?,crowbar
boar|dragonfly|dress,Answer using only one word - dragonfly or dress and not boar. Which is more similar in semantic meaning to boar?,dress
boar|dragonfly|flute,Answer using only one word - dragonfly or flute and not boar. Which is more similar in semantic meaning to boar?,Flute
boar|dragonfly|motorcycle,Answer using only one word - dragonfly or motorcycle and not boar. Which is more similar in semantic meaning to boar?,dragonfly
boar|dress|flute,Answer using only one word - dress or flute and not boar. Which is more similar in semantic meaning to boar?,Flute
boar|dress|motorcycle,Answer using only one word - dress or motorcycle and not boar. Which is more similar in semantic meaning to boar?,dress
boar|eagle|fly,Answer using only one word - eagle or fly and not boar. Which is more similar in semantic meaning to boar?,eagle
boar|eggbeater|fig,Answer using only one word - eggbeater or fig and not boar. Which is more similar in semantic meaning to boar?,eggbeater
boar|eggbeater|jeans,Answer using only one word - eggbeater or jeans and not boar. Which is more similar in semantic meaning to boar?,eggbeater
boar|fig|fly,Answer using only one word - fig or fly and not boar. Which is more similar in semantic meaning to boar?,fig
boar|file|flute,Answer using only one word - file or flute and not boar. Which is more similar in semantic meaning to boar?,file
boar|file|motorcycle,Answer using only one word - file or motorcycle and not boar. Which is more similar in semantic meaning to boar?,file
boar|flute|motorcycle,Answer using only one word - flute or motorcycle and not boar. Which is more similar in semantic meaning to boar?,Flute
boar|grenade|jeans,Answer using only one word - grenade or jeans and not boar. Which is more similar in semantic meaning to boar?,Grenade
boar|missile|motorcycle,Answer using only one word - missile or motorcycle and not boar. Which is more similar in semantic meaning to boar?,missile
bread|brussels sprouts|candy,Answer using only one word - brussels sprouts or candy and not bread. Which is more similar in semantic meaning to bread?,brussels
bread|brussels sprouts|cat,Answer using only one word - brussels sprouts or cat and not bread. Which is more similar in semantic meaning to bread?,brussels
bread|brussels sprouts|chisel,Answer using only one word - brussels sprouts or chisel and not bread. Which is more similar in semantic meaning to bread?,brussels
bread|brussels sprouts|crowbar,Answer using only one word - brussels sprouts or crowbar and not bread. Which is more similar in semantic meaning to bread?,brussels sprouts
bread|brussels sprouts|fig,Answer using only one word - brussels sprouts or fig and not bread. Which is more similar in semantic meaning to bread?,fig
bread|brussels sprouts|jeans,Answer using only one word - brussels sprouts or jeans and not bread. Which is more similar in semantic meaning to bread?,Brussels
bread|bucket|candle,Answer using only one word - bucket or candle and not bread. Which is more similar in semantic meaning to bread?,bucket
bread|bucket|cart,Answer using only one word - bucket or cart and not bread. Which is more similar in semantic meaning to bread?,bucket
bread|bucket|chinchilla,Answer using only one word - bucket or chinchilla and not bread. Which is more similar in semantic meaning to bread?,bucket
bread|bucket|crow,Answer using only one word - bucket or crow and not bread. Which is more similar in semantic meaning to bread?,bucket
bread|bucket|eggbeater,Answer using only one word - bucket or eggbeater and not bread. Which is more similar in semantic meaning to bread?,bucket
bread|bucket|grenade,Answer using only one word - bucket or grenade and not bread. Which is more similar in semantic meaning to bread?,bucket
bread|burrito|candle,Answer using only one word - burrito or candle and not bread. Which is more similar in semantic meaning to bread?,burrito
bread|burrito|cart,Answer using only one word - burrito or cart and not bread. Which is more similar in semantic meaning to bread?,burrito
bread|burrito|chinchilla,Answer using only one word - burrito or chinchilla and not bread. Which is more similar in semantic meaning to bread?,burrito
bread|burrito|crow,Answer using only one word - burrito or crow and not bread. Which is more similar in semantic meaning to bread?,burrito
bread|burrito|eggbeater,Answer using only one word - burrito or eggbeater and not bread. Which is more similar in semantic meaning to bread?,burrito
bread|burrito|grenade,Answer using only one word - burrito or grenade and not bread. Which is more similar in semantic meaning to bread?,burrito
bread|cactus|candy,Answer using only one word - cactus or candy and not bread. Which is more similar in semantic meaning to bread?,candy
bread|cactus|cat,Answer using only one word - cactus or cat and not bread. Which is more similar in semantic meaning to bread?,cactus
bread|cactus|chisel,Answer using only one word - cactus or chisel and not bread. Which is more similar in semantic meaning to bread?,chisel
bread|cactus|crowbar,Answer using only one word - cactus or crowbar and not bread. Which is more similar in semantic meaning to bread?,cactus
bread|cactus|fig,Answer using only one word - cactus or fig and not bread. Which is more similar in semantic meaning to bread?,fig
bread|cactus|jeans,Answer using only one word - cactus or jeans and not bread. Which is more similar in semantic meaning to bread?,jeans
bread|candle|car,Answer using only one word - candle or car and not bread. Which is more similar in semantic meaning to bread?,candle
bread|candle|celery,Answer using only one word - candle or celery and not bread. Which is more similar in semantic meaning to bread?,celery
bread|candle|coat,Answer using only one word - candle or coat and not bread. Which is more similar in semantic meaning to bread?,candle
bread|candle|dress,Answer using only one word - candle or dress and not bread. Which is more similar in semantic meaning to bread?,dress
bread|candle|flute,Answer using only one word - candle or flute and not bread. Which is more similar in semantic meaning to bread?,candle
bread|candle|motorcycle,Answer using only one word - candle or motorcycle and not bread. Which is more similar in semantic meaning to bread?,candle
bread|candy|cat,Answer using only one word - candy or cat and not bread. Which is more similar in semantic meaning to bread?,candy
bread|candy|chisel,Answer using only one word - candy or chisel and not bread. Which is more similar in semantic meaning to bread?,candy
bread|candy|crowbar,Answer using only one word - candy or crowbar and not bread. Which is more similar in semantic meaning to bread?,candy
bread|candy|fig,Answer using only one word - candy or fig and not bread. Which is more similar in semantic meaning to bread?,fig
bread|candy|jeans,Answer using only one word - candy or jeans and not bread. Which is more similar in semantic meaning to bread?,candy
bread|cannon|cart,Answer using only one word - cannon or cart and not bread. Which is more similar in semantic meaning to bread?,cart
bread|cannon|chinchilla,Answer using only one word - cannon or chinchilla and not bread. Which is more similar in semantic meaning to bread?,chinchilla
bread|cannon|crow,Answer using only one word - cannon or crow and not bread. Which is more similar in semantic meaning to bread?,crow
bread|cannon|eggbeater,Answer using only one word - cannon or eggbeater and not bread. Which is more similar in semantic meaning to bread?,cannon
bread|cannon|grenade,Answer using only one word - cannon or grenade and not bread. Which is more similar in semantic meaning to bread?,cannon
bread|car|cart,Answer using only one word - car or cart and not bread. Which is more similar in semantic meaning to bread?,cart
bread|car|chinchilla,Answer using only one word - car or chinchilla and not bread. Which is more similar in semantic meaning to bread?,chinchilla
bread|car|crow,Answer using only one word - car or crow and not bread. Which is more similar in semantic meaning to bread?,car
bread|car|eggbeater,Answer using only one word - car or eggbeater and not bread. Which is more similar in semantic meaning to bread?,car
bread|car|grenade,Answer using only one word - car or grenade and not bread. Which is more similar in semantic meaning to bread?,car
bread|carrot|cat,Answer using only one word - carrot or cat and not bread. Which is more similar in semantic meaning to bread?,carrot
bread|carrot|chisel,Answer using only one word - carrot or chisel and not bread. Which is more similar in semantic meaning to bread?,carrot
bread|carrot|crowbar,Answer using only one word - carrot or crowbar and not bread. Which is more similar in semantic meaning to bread?,carrot
bread|carrot|fig,Answer using only one word - carrot or fig and not bread. Which is more similar in semantic meaning to bread?,carrot
bread|carrot|jeans,Answer using only one word - carrot or jeans and not bread. Which is more similar in semantic meaning to bread?,carrot
bread|cart|celery,Answer using only one word - cart or celery and not bread. Which is more similar in semantic meaning to bread?,celery
bread|cart|coat,Answer using only one word - cart or coat and not bread. Which is more similar in semantic meaning to bread?,coat
bread|cart|dress,Answer using only one word - cart or dress and not bread. Which is more similar in semantic meaning to bread?,dress
bread|cart|flute,Answer using only one word - cart or flute and not bread. Which is more similar in semantic meaning to bread?,Flute
bread|cart|motorcycle,Answer using only one word - cart or motorcycle and not bread. Which is more similar in semantic meaning to bread?,cart
bread|cat|chisel,Answer using only one word - cat or chisel and not bread. Which is more similar in semantic meaning to bread?,chisel
bread|cat|crowbar,Answer using only one word - cat or crowbar and not bread. Which is more similar in semantic meaning to bread?,cat
bread|cat|fig,Answer using only one word - cat or fig and not bread. Which is more similar in semantic meaning to bread?,fig
bread|cat|jeans,Answer using only one word - cat or jeans and not bread. Which is more similar in semantic meaning to bread?,jeans
bread|caterpillar|chinchilla,Answer using only one word - caterpillar or chinchilla and not bread. Which is more similar in semantic meaning to bread?,caterpillar
bread|caterpillar|crow,Answer using only one word - caterpillar or crow and not bread. Which is more similar in semantic meaning to bread?,caterpillar
bread|caterpillar|eggbeater,Answer using only one word - caterpillar or eggbeater and not bread. Which is more similar in semantic meaning to bread?,caterpillar
bread|caterpillar|grenade,Answer using only one word - caterpillar or grenade and not bread. Which is more similar in semantic meaning to bread?,caterpillar
bread|celery|chinchilla,Answer using only one word - celery or chinchilla and not bread. Which is more similar in semantic meaning to bread?,celery
bread|celery|crow,Answer using only one word - celery or crow and not bread. Which is more similar in semantic meaning to bread?,celery
bread|celery|eggbeater,Answer using only one word - celery or eggbeater and not bread. Which is more similar in semantic meaning to bread?,celery
bread|celery|grenade,Answer using only one word - celery or grenade and not bread. Which is more similar in semantic meaning to bread?,celery
bread|chili|chisel,Answer using only one word - chili or chisel and not bread. Which is more similar in semantic meaning to bread?,chili
bread|chili|crowbar,Answer using only one word - chili or crowbar and not bread. Which is more similar in semantic meaning to bread?,chili
bread|chili|fig,Answer using only one word - chili or fig and not bread. Which is more similar in semantic meaning to bread?,fig
bread|chili|jeans,Answer using only one word - chili or jeans and not bread. Which is more similar in semantic meaning to bread?,jeans
bread|chinchilla|coat,Answer using only one word - chinchilla or coat and not bread. Which is more similar in semantic meaning to bread?,coat
bread|chinchilla|dress,Answer using only one word - chinchilla or dress and not bread. Which is more similar in semantic meaning to bread?,dress
bread|chinchilla|flute,Answer using only one word - chinchilla or flute and not bread. Which is more similar in semantic meaning to bread?,Flute
bread|chinchilla|motorcycle,Answer using only one word - chinchilla or motorcycle and not bread. Which is more similar in semantic meaning to bread?,chinchilla
bread|chisel|crowbar,Answer using only one word - chisel or crowbar and not bread. Which is more similar in semantic meaning to bread?,Chisel
bread|chisel|fig,Answer using only one word - chisel or fig and not bread. Which is more similar in semantic meaning to bread?,fig
bread|chisel|jeans,Answer using only one word - chisel or jeans and not bread. Which is more similar in semantic meaning to bread?,Chisel
bread|clarinet|crow,Answer using only one word - clarinet or crow and not bread. Which is more similar in semantic meaning to bread?,crow
bread|clarinet|eggbeater,Answer using only one word - clarinet or eggbeater and not bread. Which is more similar in semantic meaning to bread?,eggbeater
bread|clarinet|grenade,Answer using only one word - clarinet or grenade and not bread. Which is more similar in semantic meaning to bread?,clarinet
bread|coat|crow,Answer using only one word - coat or crow and not bread. Which is more similar in semantic meaning to bread?,coat
bread|coat|eggbeater,Answer using only one word - coat or eggbeater and not bread. Which is more similar in semantic meaning to bread?,coat
bread|coat|grenade,Answer using only one word - coat or grenade and not bread. Which is more similar in semantic meaning to bread?,coat
bread|coconut|crowbar,Answer using only one word - coconut or crowbar and not bread. Which is more similar in semantic meaning to bread?,coconut
bread|coconut|fig,Answer using only one word - coconut or fig and not bread. Which is more similar in semantic meaning to bread?,fig
bread|coconut|jeans,Answer using only one word - coconut or jeans and not bread. Which is more similar in semantic meaning to bread?,coconut
bread|crow|dress,Answer using only one word - crow or dress and not bread. Which is more similar in semantic meaning to bread?,crow
bread|crow|flute,Answer using only one word - crow or flute and not bread. Which is more similar in semantic meaning to bread?,flute
bread|crow|motorcycle,Answer using only one word - crow or motorcycle and not bread. Which is more similar in semantic meaning to bread?,crow
bread|crowbar|fig,Answer using only one word - crowbar or fig and not bread. Which is more similar in semantic meaning to bread?,fig
bread|crowbar|jeans,Answer using only one word - crowbar or jeans and not bread. Which is more similar in semantic meaning to bread?,jeans
bread|dragonfly|eggbeater,Answer using only one word - dragonfly or eggbeater and not bread. Which is more similar in semantic meaning to bread?,eggbeater
bread|dragonfly|grenade,Answer using only one word - dragonfly or grenade and not bread. Which is more similar in semantic meaning to bread?,dragonfly
bread|dress|eggbeater,Answer using only one word - dress or eggbeater and not bread. Which is more similar in semantic meaning to bread?,dress
bread|dress|grenade,Answer using only one word - dress or grenade and not bread. Which is more similar in semantic meaning to bread?,dress
bread|eagle|fig,Answer using only one word - eagle or fig and not bread. Which is more similar in semantic meaning to bread?,fig
bread|eagle|jeans,Answer using only one word - eagle or jeans and not bread. Which is more similar in semantic meaning to bread?,jeans
bread|eggbeater|flute,Answer using only one word - eggbeater or flute and not bread. Which is more similar in semantic meaning to bread?,flute
bread|eggbeater|motorcycle,Answer using only one word - eggbeater or motorcycle and not bread. Which is more similar in semantic meaning to bread?,eggbeater
bread|fig|jeans,Answer using only one word - fig or jeans and not bread. Which is more similar in semantic meaning to bread?,fig
bread|file|grenade,Answer using only one word - file or grenade and not bread. Which is more similar in semantic meaning to bread?,file
bread|flute|grenade,Answer using only one word - flute or grenade and not bread. Which is more similar in semantic meaning to bread?,flute
bread|fly|jeans,Answer using only one word - fly or jeans and not bread. Which is more similar in semantic meaning to bread?,jeans
bread|grenade|motorcycle,Answer using only one word - grenade or motorcycle and not bread. Which is more similar in semantic meaning to bread?,Grenade
brussels sprouts|bucket|cactus,Answer using only one word - bucket or cactus and not brussels sprouts. Which is more similar in semantic meaning to brussels sprouts?,cactus
brussels sprouts|bucket|carrot,Answer using only one word - bucket or carrot and not brussels sprouts. Which is more similar in semantic meaning to brussels sprouts?,carrot
brussels sprouts|bucket|chili,Answer using only one word - bucket or chili and not brussels sprouts. Which is more similar in semantic meaning to brussels sprouts?,chili
brussels sprouts|bucket|coconut,Answer using only one word - bucket or coconut and not brussels sprouts. Which is more similar in semantic meaning to brussels sprouts?,coconut
brussels sprouts|bucket|eagle,Answer using only one word - bucket or eagle and not brussels sprouts. Which is more similar in semantic meaning to brussels sprouts?,bucket
brussels sprouts|bucket|fly,Answer using only one word - bucket or fly and not brussels sprouts. Which is more similar in semantic meaning to brussels sprouts?,bucket
brussels sprouts|burrito|cactus,Answer using only one word - burrito or cactus and not brussels sprouts. Which is more similar in semantic meaning to brussels sprouts?,cactus
brussels sprouts|burrito|carrot,Answer using only one word - burrito or carrot and not brussels sprouts. Which is more similar in semantic meaning to brussels sprouts?,carrot
brussels sprouts|burrito|chili,Answer using only one word - burrito or chili and not brussels sprouts. Which is more similar in semantic meaning to brussels sprouts?,chili
brussels sprouts|burrito|coconut,Answer using only one word - burrito or coconut and not brussels sprouts. Which is more similar in semantic meaning to brussels sprouts?,coconut
brussels sprouts|burrito|eagle,Answer using only one word - burrito or eagle and not brussels sprouts. Which is more similar in semantic meaning to brussels sprouts?,burrito
brussels sprouts|burrito|fly,Answer using only one word - burrito or fly and not brussels sprouts. Which is more similar in semantic meaning to brussels sprouts?,burrito
brussels sprouts|cactus|candle,Answer using only one word - cactus or candle and not brussels sprouts. Which is more similar in semantic meaning to brussels sprouts?,cactus
brussels sprouts|cactus|cart,Answer using only one word - cactus or cart and not brussels sprouts. Which is more similar in semantic meaning to brussels sprouts?,cactus
brussels sprouts|cactus|chinchilla,Answer using only one word - cactus or chinchilla and not brussels sprouts. Which is more similar in semantic meaning to brussels sprouts?,cactus
brussels sprouts|cactus|crow,Answer using only one word - cactus or crow and not brussels sprouts. Which is more similar in semantic meaning to brussels sprouts?,cactus
brussels sprouts|cactus|eggbeater,Answer using only one word - cactus or eggbeater and not brussels sprouts. Which is more similar in semantic meaning to brussels sprouts?,cactus
brussels sprouts|cactus|grenade,Answer using only one word - cactus or grenade and not brussels sprouts. Which is more similar in semantic meaning to brussels sprouts?,cactus
brussels sprouts|candle|cannon,Answer using only one word - candle or cannon and not brussels sprouts. Which is more similar in semantic meaning to brussels sprouts?,cannon
brussels sprouts|candle|caterpillar,Answer using only one word - candle or caterpillar and not brussels sprouts. Which is more similar in semantic meaning to brussels sprouts?,caterpillar
brussels sprouts|candle|clarinet,Answer using only one word - candle or clarinet and not brussels sprouts. Which is more similar in semantic meaning to brussels sprouts?,candle
brussels sprouts|candle|dragonfly,Answer using only one word - candle or dragonfly and not brussels sprouts. Which is more similar in semantic meaning to brussels sprouts?,candle
brussels sprouts|candle|file,Answer using only one word - candle or file and not brussels sprouts. Which is more similar in semantic meaning to brussels sprouts?,candle
brussels sprouts|candle|missile,Answer using only one word - candle or missile and not brussels sprouts. Which is more similar in semantic meaning to brussels sprouts?,candle
brussels sprouts|candy|cart,Answer using only one word - candy or cart and not brussels sprouts. Which is more similar in semantic meaning to brussels sprouts?,candy
brussels sprouts|candy|chinchilla,Answer using only one word - candy or chinchilla and not brussels sprouts. Which is more similar in semantic meaning to brussels sprouts?,candy
brussels sprouts|candy|crow,Answer using only one word - candy or crow and not brussels sprouts. Which is more similar in semantic meaning to brussels sprouts?,candy
brussels sprouts|candy|eggbeater,Answer using only one word - candy or eggbeater and not brussels sprouts. Which is more similar in semantic meaning to brussels sprouts?,candy
brussels sprouts|candy|grenade,Answer using only one word - candy or grenade and not brussels sprouts. Which is more similar in semantic meaning to brussels sprouts?,candy
brussels sprouts|cannon|carrot,Answer using only one word - cannon or carrot and not brussels sprouts. Which is more similar in semantic meaning to brussels sprouts?,cannon
brussels sprouts|cannon|chili,Answer using only one word - cannon or chili and not brussels sprouts. Which is more similar in semantic meaning to brussels sprouts?,cannon
brussels sprouts|cannon|coconut,Answer using only one word - cannon or coconut and not brussels sprouts. Which is more similar in semantic meaning to brussels sprouts?,cannon
brussels sprouts|cannon|eagle,Answer using only one word - cannon or eagle and not brussels sprouts. Which is more similar in semantic meaning to brussels sprouts?,cannon
brussels sprouts|cannon|fly,Answer using only one word - cannon or fly and not brussels sprouts. Which is more similar in semantic meaning to brussels sprouts?,cannon
brussels sprouts|car|carrot,Answer using only one word - car or carrot and not brussels sprouts. Which is more similar in semantic meaning to brussels sprouts?,carrot
brussels sprouts|car|chili,Answer using only one word - car or chili and not brussels sprouts. Which is more similar in semantic meaning to brussels sprouts?,chili
brussels sprouts|car|coconut,Answer using only one word - car or coconut and not brussels sprouts. Which is more similar in semantic meaning to brussels sprouts?,coconut
brussels sprouts|car|eagle,Answer using only one word - car or eagle and not brussels sprouts. Which is more similar in semantic meaning to brussels sprouts?,car
brussels sprouts|car|fly,Answer using only one word - car or fly and not brussels sprouts. Which is more similar in semantic meaning to brussels sprouts?,car
brussels sprouts|carrot|cart,Answer using only one word - carrot or cart and not brussels sprouts. Which is more similar in semantic meaning to brussels sprouts?,carrot
brussels sprouts|carrot|chinchilla,Answer using only one word - carrot or chinchilla and not brussels sprouts. Which is more similar in semantic meaning to brussels sprouts?,carrot
brussels sprouts|carrot|crow,Answer using only one word - carrot or crow and not brussels sprouts. Which is more similar in semantic meaning to brussels sprouts?,carrot
brussels sprouts|carrot|eggbeater,Answer using only one word - carrot or eggbeater and not brussels sprouts. Which is more similar in semantic meaning to brussels sprouts?,carrot
brussels sprouts|carrot|grenade,Answer using only one word - carrot or grenade and not brussels sprouts. Which is more similar in semantic meaning to brussels sprouts?,carrot
brussels sprouts|cart|caterpillar,Answer using only one word - cart or caterpillar and not brussels sprouts. Which is more similar in semantic meaning to brussels sprouts?,caterpillar
brussels sprouts|cart|clarinet,Answer using only one word - cart or clarinet and not brussels sprouts. Which is more similar in semantic meaning to brussels sprouts?,clarinet
brussels sprouts|cart|dragonfly,Answer using only one word - cart or dragonfly and not brussels sprouts. Which is more similar in semantic meaning to brussels sprouts?,cart
brussels sprouts|cart|file,Answer using only one word - cart or file and not brussels sprouts. Which is more similar in semantic meaning to brussels sprouts?,file
brussels sprouts|cart|missile,Answer using only one word - cart or missile and not brussels sprouts. Which is more similar in semantic meaning to brussels sprouts?,cart
brussels sprouts|cat|chinchilla,Answer using only one word - cat or chinchilla and not brussels sprouts. Which is more similar in semantic meaning to brussels sprouts?,chinchilla
brussels sprouts|cat|crow,Answer using only one word - cat or crow and not brussels sprouts. Which is more similar in semantic meaning to brussels sprouts?,crow
brussels sprouts|cat|eggbeater,Answer using only one word - cat or eggbeater and not brussels sprouts. Which is more similar in semantic meaning to brussels sprouts?,eggbeater
brussels sprouts|cat|grenade,Answer using only one word - cat or grenade and not brussels sprouts. Which is more similar in semantic meaning to brussels sprouts?,cat
brussels sprouts|caterpillar|chili,Answer using only one word - caterpillar or chili and not brussels sprouts. Which is more similar in semantic meaning to brussels sprouts?,caterpillar
brussels sprouts|caterpillar|coconut,Answer using only one word - caterpillar or coconut and not brussels sprouts. Which is more similar in semantic meaning to brussels sprouts?,caterpillar
brussels sprouts|caterpillar|eagle,Answer using only one word - caterpillar or eagle and not brussels sprouts. Which is more similar in semantic meaning to brussels sprouts?,caterpillar
brussels sprouts|caterpillar|fly,Answer using only one word - caterpillar or fly and not brussels sprouts. Which is more similar in semantic meaning to brussels sprouts?,caterpillar
brussels sprouts|celery|chili,Answer using only one word - celery or chili and not brussels sprouts. Which is more similar in semantic meaning to brussels sprouts?,celery
brussels sprouts|celery|coconut,Answer using only one word - celery or coconut and not brussels sprouts. Which is more similar in semantic meaning to brussels sprouts?,celery
brussels sprouts|celery|eagle,Answer using only one word - celery or eagle and not brussels sprouts. Which is more similar in semantic meaning to brussels sprouts?,celery
brussels sprouts|celery|fly,Answer using only one word - celery or fly and not brussels sprouts. Which is more similar in semantic meaning to brussels sprouts?,celery
brussels sprouts|chili|chinchilla,Answer using only one word - chili or chinchilla and not brussels sprouts. Which is more similar in semantic meaning to brussels sprouts?,chili
brussels sprouts|chili|crow,Answer using only one word - chili or crow and not brussels sprouts. Which is more similar in semantic meaning to brussels sprouts?,chili
brussels sprouts|chili|eggbeater,Answer using only one word - chili or eggbeater and not brussels sprouts. Which is more similar in semantic meaning to brussels sprouts?,chili
brussels sprouts|chili|grenade,Answer using only one word - chili or grenade and not brussels sprouts. Which is more similar in semantic meaning to brussels sprouts?,chili
brussels sprouts|chinchilla|clarinet,Answer using only one word - chinchilla or clarinet and not brussels sprouts. Which is more similar in semantic meaning to brussels sprouts?,Chinchilla
brussels sprouts|chinchilla|dragonfly,Answer using only one word - chinchilla or dragonfly and not brussels sprouts. Which is more similar in semantic meaning to brussels sprouts?,Chinchilla
brussels sprouts|chinchilla|file,Answer using only one word - chinchilla or file and not brussels sprouts. Which is more similar in semantic meaning to brussels sprouts?,file
brussels sprouts|chinchilla|missile,Answer using only one word - chinchilla or missile and not brussels sprouts. Which is more similar in semantic meaning to brussels sprouts?,chinchilla
brussels sprouts|chisel|crow,Answer using only one word - chisel or crow and not brussels sprouts. Which is more similar in semantic meaning to brussels sprouts?,Crow
brussels sprouts|chisel|eggbeater,Answer using only one word - chisel or eggbeater and not brussels sprouts. Which is more similar in semantic meaning to brussels sprouts?,Chisel
brussels sprouts|chisel|grenade,Answer using only one word - chisel or grenade and not brussels sprouts. Which is more similar in semantic meaning to brussels sprouts?,Chisel
brussels sprouts|clarinet|coconut,Answer using only one word - clarinet or coconut and not brussels sprouts. Which is more similar in semantic meaning to brussels sprouts?,coconut
brussels sprouts|clarinet|eagle,Answer using only one word - clarinet or eagle and not brussels sprouts. Which is more similar in semantic meaning to brussels sprouts?,clarinet
brussels sprouts|clarinet|fly,Answer using only one word - clarinet or fly and not brussels sprouts. Which is more similar in semantic meaning to brussels sprouts?,clarinet
brussels sprouts|coat|coconut,Answer using only one word - coat or coconut and not brussels sprouts. Which is more similar in semantic meaning to brussels sprouts?,coat
brussels sprouts|coat|eagle,Answer using only one word - coat or eagle and not brussels sprouts. Which is more similar in semantic meaning to brussels sprouts?,coat
brussels sprouts|coat|fly,Answer using only one word - coat or fly and not brussels sprouts. Which is more similar in semantic meaning to brussels sprouts?,coat
brussels sprouts|coconut|crow,Answer using only one word - coconut or crow and not brussels sprouts. Which is more similar in semantic meaning to brussels sprouts?,coconut
brussels sprouts|coconut|eggbeater,Answer using only one word - coconut or eggbeater and not brussels sprouts. Which is more similar in semantic meaning to brussels sprouts?,coconut
brussels sprouts|coconut|grenade,Answer using only one word - coconut or grenade and not brussels sprouts. Which is more similar in semantic meaning to brussels sprouts?,coconut
brussels sprouts|crow|dragonfly,Answer using only one word - crow or dragonfly and not brussels sprouts. Which is more similar in semantic meaning to brussels sprouts?,crow
brussels sprouts|crow|file,Answer using only one word - crow or file and not brussels sprouts. Which is more similar in semantic meaning to brussels sprouts?,crow
brussels sprouts|crow|missile,Answer using only one word - crow or missile and not brussels sprouts. Which is more similar in semantic meaning to brussels sprouts?,crow
brussels sprouts|crowbar|eggbeater,Answer using only one word - crowbar or eggbeater and not brussels sprouts. Which is more similar in semantic meaning to brussels sprouts?,crowbar
brussels sprouts|crowbar|grenade,Answer using only one word - crowbar or grenade and not brussels sprouts. Which is more similar in semantic meaning to brussels sprouts?,crowbar
brussels sprouts|dragonfly|eagle,Answer using only one word - dragonfly or eagle and not brussels sprouts. Which is more similar in semantic meaning to brussels sprouts?,dragonfly
brussels sprouts|dragonfly|fly,Answer using only one word - dragonfly or fly and not brussels sprouts. Which is more similar in semantic meaning to brussels sprouts?,fly
brussels sprouts|dress|eagle,Answer using only one word - dress or eagle and not brussels sprouts. Which is more similar in semantic meaning to brussels sprouts?,dress
brussels sprouts|dress|fly,Answer using only one word - dress or fly and not brussels sprouts. Which is more similar in semantic meaning to brussels sprouts?,dress
brussels sprouts|eagle|eggbeater,Answer using only one word - eagle or eggbeater and not brussels sprouts. Which is more similar in semantic meaning to brussels sprouts?,Eagle
brussels sprouts|eagle|grenade,Answer using only one word - eagle or grenade and not brussels sprouts. Which is more similar in semantic meaning to brussels sprouts?,eagle
brussels sprouts|eggbeater|file,Answer using only one word - eggbeater or file and not brussels sprouts. Which is more similar in semantic meaning to brussels sprouts?,file
brussels sprouts|eggbeater|missile,Answer using only one word - eggbeater or missile and not brussels sprouts. Which is more similar in semantic meaning to brussels sprouts?,eggbeater
brussels sprouts|fig|grenade,Answer using only one word - fig or grenade and not brussels sprouts. Which is more similar in semantic meaning to brussels sprouts?,fig
brussels sprouts|file|fly,Answer using only one word - file or fly and not brussels sprouts. Which is more similar in semantic meaning to brussels sprouts?,file
brussels sprouts|flute|fly,Answer using only one word - flute or fly and not brussels sprouts. Which is more similar in semantic meaning to brussels sprouts?,fly
brussels sprouts|fly|grenade,Answer using only one word - fly or grenade and not brussels sprouts. Which is more similar in semantic meaning to brussels sprouts?,fly
brussels sprouts|grenade|missile,Answer using only one word - grenade or missile and not brussels sprouts. Which is more similar in semantic meaning to brussels sprouts?,grenade
bucket|burrito|cactus,Answer using only one word - burrito or cactus and not bucket. Which is more similar in semantic meaning to bucket?,cactus
bucket|burrito|carrot,Answer using only one word - burrito or carrot and not bucket. Which is more similar in semantic meaning to bucket?,burrito
bucket|burrito|chili,Answer using only one word - burrito or chili and not bucket. Which is more similar in semantic meaning to bucket?,bucket
bucket|burrito|coconut,Answer using only one word - burrito or coconut and not bucket. Which is more similar in semantic meaning to bucket?,Coconut
bucket|burrito|eagle,Answer using only one word - burrito or eagle and not bucket. Which is more similar in semantic meaning to bucket?,burrito
bucket|burrito|fly,Answer using only one word - burrito or fly and not bucket. Which is more similar in semantic meaning to bucket?,burrito
bucket|cactus|candle,Answer using only one word - cactus or candle and not bucket. Which is more similar in semantic meaning to bucket?,cactus
bucket|cactus|cart,Answer using only one word - cactus or cart and not bucket. Which is more similar in semantic meaning to bucket?,cactus
bucket|cactus|chinchilla,Answer using only one word - cactus or chinchilla and not bucket. Which is more similar in semantic meaning to bucket?,cactus
bucket|cactus|crow,Answer using only one word - cactus or crow and not bucket. Which is more similar in semantic meaning to bucket?,cactus
bucket|cactus|eggbeater,Answer using only one word - cactus or eggbeater and not bucket. Which is more similar in semantic meaning to bucket?,cactus
bucket|cactus|grenade,Answer using only one word - cactus or grenade and not bucket. Which is more similar in semantic meaning to bucket?,cactus
bucket|candle|cannon,Answer using only one word - candle or cannon and not bucket. Which is more similar in semantic meaning to bucket?,cannon
bucket|candle|caterpillar,Answer using only one word - candle or caterpillar and not bucket. Which is more similar in semantic meaning to bucket?,caterpillar
bucket|candle|clarinet,Answer using only one word - candle or clarinet and not bucket. Which is more similar in semantic meaning to bucket?,candle
bucket|candle|dragonfly,Answer using only one word - candle or dragonfly and not bucket. Which is more similar in semantic meaning to bucket?,candle
bucket|candle|file,Answer using only one word - candle or file and not bucket. Which is more similar in semantic meaning to bucket?,file
bucket|candle|missile,Answer using only one word - candle or missile and not bucket. Which is more similar in semantic meaning to bucket?,candle
bucket|candy|cart,Answer using only one word - candy or cart and not bucket. Which is more similar in semantic meaning to bucket?,cart
bucket|candy|chinchilla,Answer using only one word - candy or chinchilla and not bucket. Which is more similar in semantic meaning to bucket?,candy
bucket|candy|crow,Answer using only one word - candy or crow and not bucket. Which is more similar in semantic meaning to bucket?,candy
bucket|candy|eggbeater,Answer using only one word - candy or eggbeater and not bucket. Which is more similar in semantic meaning to bucket?,candy
bucket|candy|grenade,Answer using only one word - candy or grenade and not bucket. Which is more similar in semantic meaning to bucket?,candy
bucket|cannon|carrot,Answer using only one word - cannon or carrot and not bucket. Which is more similar in semantic meaning to bucket?,cannon
bucket|cannon|chili,Answer using only one word - cannon or chili and not bucket. Which is more similar in semantic meaning to bucket?,cannon
bucket|cannon|coconut,Answer using only one word - cannon or coconut and not bucket. Which is more similar in semantic meaning to bucket?,coconut
bucket|cannon|eagle,Answer using only one word - cannon or eagle and not bucket. Which is more similar in semantic meaning to bucket?,cannon
bucket|cannon|fly,Answer using only one word - cannon or fly and not bucket. Which is more similar in semantic meaning to bucket?,cannon
bucket|car|carrot,Answer using only one word - car or carrot and not bucket. Which is more similar in semantic meaning to bucket?,carrot
bucket|car|chili,Answer using only one word - car or chili and not bucket. Which is more similar in semantic meaning to bucket?,chili
bucket|car|coconut,Answer using only one word - car or coconut and not bucket. Which is more similar in semantic meaning to bucket?,coconut
bucket|car|eagle,Answer using only one word - car or eagle and not bucket. Which is more similar in semantic meaning to bucket?,car
bucket|car|fly,Answer using only one word - car or fly and not bucket. Which is more similar in semantic meaning to bucket?,car
bucket|carrot|cart,Answer using only one word - carrot or cart and not bucket. Which is more similar in semantic meaning to bucket?,carrot
bucket|carrot|chinchilla,Answer using only one word - carrot or chinchilla and not bucket. Which is more similar in semantic meaning to bucket?,carrot
bucket|carrot|crow,Answer using only one word - carrot or crow and not bucket. Which is more similar in semantic meaning to bucket?,carrot
bucket|carrot|eggbeater,Answer using only one word - carrot or eggbeater and not bucket. Which is more similar in semantic meaning to bucket?,carrot
bucket|carrot|grenade,Answer using only one word - carrot or grenade and not bucket. Which is more similar in semantic meaning to bucket?,carrot
bucket|cart|caterpillar,Answer using only one word - cart or caterpillar and not bucket. Which is more similar in semantic meaning to bucket?,cart
bucket|cart|clarinet,Answer using only one word - cart or clarinet and not bucket. Which is more similar in semantic meaning to bucket?,cart
bucket|cart|dragonfly,Answer using only one word - cart or dragonfly and not bucket. Which is more similar in semantic meaning to bucket?,cart
bucket|cart|file,Answer using only one word - cart or file and not bucket. Which is more similar in semantic meaning to bucket?,file
bucket|cart|missile,Answer using only one word - cart or missile and not bucket. Which is more similar in semantic meaning to bucket?,cart
bucket|cat|chinchilla,Answer using only one word - cat or chinchilla and not bucket. Which is more similar in semantic meaning to bucket?,chinchilla
bucket|cat|crow,Answer using only one word - cat or crow and not bucket. Which is more similar in semantic meaning to bucket?,crow
bucket|cat|eggbeater,Answer using only one word - cat or eggbeater and not bucket. Which is more similar in semantic meaning to bucket?,eggbeater
bucket|cat|grenade,Answer using only one word - cat or grenade and not bucket. Which is more similar in semantic meaning to bucket?,cat
bucket|caterpillar|chili,Answer using only one word - caterpillar or chili and not bucket. Which is more similar in semantic meaning to bucket?,caterpillar
bucket|caterpillar|coconut,Answer using only one word - caterpillar or coconut and not bucket. Which is more similar in semantic meaning to bucket?,caterpillar
bucket|caterpillar|eagle,Answer using only one word - caterpillar or eagle and not bucket. Which is more similar in semantic meaning to bucket?,caterpillar
bucket|caterpillar|fly,Answer using only one word - caterpillar or fly and not bucket. Which is more similar in semantic meaning to bucket?,fly
bucket|celery|chili,Answer using only one word - celery or chili and not bucket. Which is more similar in semantic meaning to bucket?,Chili
bucket|celery|coconut,Answer using only one word - celery or coconut and not bucket. Which is more similar in semantic meaning to bucket?,Coconut
bucket|celery|eagle,Answer using only one word - celery or eagle and not bucket. Which is more similar in semantic meaning to bucket?,celery
bucket|celery|fly,Answer using only one word - celery or fly and not bucket. Which is more similar in semantic meaning to bucket?,fly
bucket|chili|chinchilla,Answer using only one word - chili or chinchilla and not bucket. Which is more similar in semantic meaning to bucket?,Chili
bucket|chili|crow,Answer using only one word - chili or crow and not bucket. Which is more similar in semantic meaning to bucket?,chili
bucket|chili|eggbeater,Answer using only one word - chili or eggbeater and not bucket. Which is more similar in semantic meaning to bucket?,Chili
bucket|chili|grenade,Answer using only one word - chili or grenade and not bucket. Which is more similar in semantic meaning to bucket?,Grenade
bucket|chinchilla|clarinet,Answer using only one word - chinchilla or clarinet and not bucket. Which is more similar in semantic meaning to bucket?,Chinchilla
bucket|chinchilla|dragonfly,Answer using only one word - chinchilla or dragonfly and not bucket. Which is more similar in semantic meaning to bucket?,Chinchilla
bucket|chinchilla|file,Answer using only one word - chinchilla or file and not bucket. Which is more similar in semantic meaning to bucket?,file
bucket|chinchilla|missile,Answer using only one word - chinchilla or missile and not bucket. Which is more similar in semantic meaning to bucket?,Missile
bucket|chisel|crow,Answer using only one word - chisel or crow and not bucket. Which is more similar in semantic meaning to bucket?,Crow
bucket|chisel|eggbeater,Answer using only one word - chisel or eggbeater and not bucket. Which is more similar in semantic meaning to bucket?,Chisel
bucket|chisel|grenade,Answer using only one word - chisel or grenade and not bucket. Which is more similar in semantic meaning to bucket?,Chisel
bucket|clarinet|coconut,Answer using only one word - clarinet or coconut and not bucket. Which is more similar in semantic meaning to bucket?,coconut
bucket|clarinet|eagle,Answer using only one word - clarinet or eagle and not bucket. Which is more similar in semantic meaning to bucket?,None
bucket|clarinet|fly,Answer using only one word - clarinet or fly and not bucket. Which is more similar in semantic meaning to bucket?,fly
bucket|coat|coconut,Answer using only one word - coat or coconut and not bucket. Which is more similar in semantic meaning to bucket?,Coconut
bucket|coat|eagle,Answer using only one word - coat or eagle and not bucket. Which is more similar in semantic meaning to bucket?,coat
bucket|coat|fly,Answer using only one word - coat or fly and not bucket. Which is more similar in semantic meaning to bucket?,coat
bucket|coconut|crow,Answer using only one word - coconut or crow and not bucket. Which is more similar in semantic meaning to bucket?,coconut
bucket|coconut|eggbeater,Answer using only one word - coconut or eggbeater and not bucket. Which is more similar in semantic meaning to bucket?,Coconut
bucket|coconut|grenade,Answer using only one word - coconut or grenade and not bucket. Which is more similar in semantic meaning to bucket?,coconut
bucket|crow|dragonfly,Answer using only one word - crow or dragonfly and not bucket. Which is more similar in semantic meaning to bucket?,crow
bucket|crow|file,Answer using only one word - crow or file and not bucket. Which is more similar in semantic meaning to bucket?,file
bucket|crow|missile,Answer using only one word - crow or missile and not bucket. Which is more similar in semantic meaning to bucket?,crow
bucket|crowbar|eggbeater,Answer using only one word - crowbar or eggbeater and not bucket. Which is more similar in semantic meaning to bucket?,crowbar
bucket|crowbar|grenade,Answer using only one word - crowbar or grenade and not bucket. Which is more similar in semantic meaning to bucket?,crowbar
bucket|dragonfly|eagle,Answer using only one word - dragonfly or eagle and not bucket. Which is more similar in semantic meaning to bucket?,Neither
bucket|dragonfly|fly,Answer using only one word - dragonfly or fly and not bucket. Which is more similar in semantic meaning to bucket?,fly
bucket|dress|eagle,Answer using only one word - dress or eagle and not bucket. Which is more similar in semantic meaning to bucket?,dress
bucket|dress|fly,Answer using only one word - dress or fly and not bucket. Which is more similar in semantic meaning to bucket?,Dress
bucket|eagle|eggbeater,Answer using only one word - eagle or eggbeater and not bucket. Which is more similar in semantic meaning to bucket?,Eggbeater
bucket|eagle|grenade,Answer using only one word - eagle or grenade and not bucket. Which is more similar in semantic meaning to bucket?,eagle
bucket|eggbeater|file,Answer using only one word - eggbeater or file and not bucket. Which is more similar in semantic meaning to bucket?,file
bucket|eggbeater|missile,Answer using only one word - eggbeater or missile and not bucket. Which is more similar in semantic meaning to bucket?,eggbeater
bucket|fig|grenade,Answer using only one word - fig or grenade and not bucket. Which is more similar in semantic meaning to bucket?,fig
bucket|file|fly,Answer using only one word - file or fly and not bucket. Which is more similar in semantic meaning to bucket?,file
bucket|flute|fly,Answer using only one word - flute or fly and not bucket. Which is more similar in semantic meaning to bucket?,fly
bucket|fly|grenade,Answer using only one word - fly or grenade and not bucket. Which is more similar in semantic meaning to bucket?,fly
bucket|grenade|missile,Answer using only one word - grenade or missile and not bucket. Which is more similar in semantic meaning to bucket?,Grenade
burrito|cactus|candle,Answer using only one word - cactus or candle and not burrito. Which is more similar in semantic meaning to burrito?,cactus
burrito|cactus|cart,Answer using only one word - cactus or cart and not burrito. Which is more similar in semantic meaning to burrito?,cactus
burrito|cactus|chinchilla,Answer using only one word - cactus or chinchilla and not burrito. Which is more similar in semantic meaning to burrito?,chinchilla
burrito|cactus|crow,Answer using only one word - cactus or crow and not burrito. Which is more similar in semantic meaning to burrito?,cactus
burrito|cactus|eggbeater,Answer using only one word - cactus or eggbeater and not burrito. Which is more similar in semantic meaning to burrito?,cactus
burrito|cactus|grenade,Answer using only one word - cactus or grenade and not burrito. Which is more similar in semantic meaning to burrito?,cactus
burrito|candle|cannon,Answer using only one word - candle or cannon and not burrito. Which is more similar in semantic meaning to burrito?,cannon
burrito|candle|caterpillar,Answer using only one word - candle or caterpillar and not burrito. Which is more similar in semantic meaning to burrito?,caterpillar
burrito|candle|clarinet,Answer using only one word - candle or clarinet and not burrito. Which is more similar in semantic meaning to burrito?,candle
burrito|candle|dragonfly,Answer using only one word - candle or dragonfly and not burrito. Which is more similar in semantic meaning to burrito?,candle
burrito|candle|file,Answer using only one word - candle or file and not burrito. Which is more similar in semantic meaning to burrito?,file
burrito|candle|missile,Answer using only one word - candle or missile and not burrito. Which is more similar in semantic meaning to burrito?,candle
burrito|candy|cart,Answer using only one word - candy or cart and not burrito. Which is more similar in semantic meaning to burrito?,candy
burrito|candy|chinchilla,Answer using only one word - candy or chinchilla and not burrito. Which is more similar in semantic meaning to burrito?,candy
burrito|candy|crow,Answer using only one word - candy or crow and not burrito. Which is more similar in semantic meaning to burrito?,candy
burrito|candy|eggbeater,Answer using only one word - candy or eggbeater and not burrito. Which is more similar in semantic meaning to burrito?,candy
burrito|candy|grenade,Answer using only one word - candy or grenade and not burrito. Which is more similar in semantic meaning to burrito?,candy
burrito|cannon|carrot,Answer using only one word - cannon or carrot and not burrito. Which is more similar in semantic meaning to burrito?,cannon
burrito|cannon|chili,Answer using only one word - cannon or chili and not burrito. Which is more similar in semantic meaning to burrito?,chili
burrito|cannon|coconut,Answer using only one word - cannon or coconut and not burrito. Which is more similar in semantic meaning to burrito?,coconut
burrito|cannon|eagle,Answer using only one word - cannon or eagle and not burrito. Which is more similar in semantic meaning to burrito?,eagle
burrito|cannon|fly,Answer using only one word - cannon or fly and not burrito. Which is more similar in semantic meaning to burrito?,fly
burrito|car|carrot,Answer using only one word - car or carrot and not burrito. Which is more similar in semantic meaning to burrito?,carrot
burrito|car|chili,Answer using only one word - car or chili and not burrito. Which is more similar in semantic meaning to burrito?,chili
burrito|car|coconut,Answer using only one word - car or coconut and not burrito. Which is more similar in semantic meaning to burrito?,coconut
burrito|car|eagle,Answer using only one word - car or eagle and not burrito. Which is more similar in semantic meaning to burrito?,car
burrito|car|fly,Answer using only one word - car or fly and not burrito. Which is more similar in semantic meaning to burrito?,fly
burrito|carrot|cart,Answer using only one word - carrot or cart and not burrito. Which is more similar in semantic meaning to burrito?,carrot
burrito|carrot|chinchilla,Answer using only one word - carrot or chinchilla and not burrito. Which is more similar in semantic meaning to burrito?,carrot
burrito|carrot|crow,Answer using only one word - carrot or crow and not burrito. Which is more similar in semantic meaning to burrito?,carrot
burrito|carrot|eggbeater,Answer using only one word - carrot or eggbeater and not burrito. Which is more similar in semantic meaning to burrito?,carrot
burrito|carrot|grenade,Answer using only one word - carrot or grenade and not burrito. Which is more similar in semantic meaning to burrito?,carrot
burrito|cart|caterpillar,Answer using only one word - cart or caterpillar and not burrito. Which is more similar in semantic meaning to burrito?,caterpillar
burrito|cart|clarinet,Answer using only one word - cart or clarinet and not burrito. Which is more similar in semantic meaning to burrito?,cart
burrito|cart|dragonfly,Answer using only one word - cart or dragonfly and not burrito. Which is more similar in semantic meaning to burrito?,cart
burrito|cart|file,Answer using only one word - cart or file and not burrito. Which is more similar in semantic meaning to burrito?,file
burrito|cart|missile,Answer using only one word - cart or missile and not burrito. Which is more similar in semantic meaning to burrito?,cart
burrito|cat|chinchilla,Answer using only one word - cat or chinchilla and not burrito. Which is more similar in semantic meaning to burrito?,chinchilla
burrito|cat|crow,Answer using only one word - cat or crow and not burrito. Which is more similar in semantic meaning to burrito?,crow
burrito|cat|eggbeater,Answer using only one word - cat or eggbeater and not burrito. Which is more similar in semantic meaning to burrito?,eggbeater
burrito|cat|grenade,Answer using only one word - cat or grenade and not burrito. Which is more similar in semantic meaning to burrito?,cat
burrito|caterpillar|chili,Answer using only one word - caterpillar or chili and not burrito. Which is more similar in semantic meaning to burrito?,caterpillar
burrito|caterpillar|coconut,Answer using only one word - caterpillar or coconut and not burrito. Which is more similar in semantic meaning to burrito?,caterpillar
burrito|caterpillar|eagle,Answer using only one word - caterpillar or eagle and not burrito. Which is more similar in semantic meaning to burrito?,caterpillar
burrito|caterpillar|fly,Answer using only one word - caterpillar or fly and not burrito. Which is more similar in semantic meaning to burrito?,fly
burrito|celery|chili,Answer using only one word - celery or chili and not burrito. Which is more similar in semantic meaning to burrito?,chili
burrito|celery|coconut,Answer using only one word - celery or coconut and not burrito. Which is more similar in semantic meaning to burrito?,coconut
burrito|celery|eagle,Answer using only one word - celery or eagle and not burrito. Which is more similar in semantic meaning to burrito?,celery
burrito|celery|fly,Answer using only one word - celery or fly and not burrito. Which is more similar in semantic meaning to burrito?,celery
burrito|chili|chinchilla,Answer using only one word - chili or chinchilla and not burrito. Which is more similar in semantic meaning to burrito?,chili
burrito|chili|crow,Answer using only one word - chili or crow and not burrito. Which is more similar in semantic meaning to burrito?,chili
burrito|chili|eggbeater,Answer using only one word - chili or eggbeater and not burrito. Which is more similar in semantic meaning to burrito?,chili
burrito|chili|grenade,Answer using only one word - chili or grenade and not burrito. Which is more similar in semantic meaning to burrito?,chili
burrito|chinchilla|clarinet,Answer using only one word - chinchilla or clarinet and not burrito. Which is more similar in semantic meaning to burrito?,Chinchilla
burrito|chinchilla|dragonfly,Answer using only one word - chinchilla or dragonfly and not burrito. Which is more similar in semantic meaning to burrito?,chinchilla
